-----
Chromosome	Location	Original Code	New Code
-----
chr22	16208762	1011101111	1111111111
chr22	18841931	1011101111	1011101111
chr22	21505702	1111011001	1111111111
chr22	18841052	0110111101	1111111111
chr22	22914349	1010010000	1010010000
chr22	31549596	0000110111	0001111111
chr22	16082887	1100010110	1100010110T
chr22	16205497	1100010110	1100010110T
chr22	21097662	0000111001	0001111111
chr22	21066930	0100101010	0100101010
chr22	25336642	1100101100	1100101100T
chr22	16364901	1100101101	1100101101T
chr22	16540035	1000001101	1000001101
chr22	25065795	0101111111	1111111111
chr22	21683529	1000010110	1000010110
chr22	21494149	1111110000	1111110000
chr22	18835298	1000001001	1000001001
chr22	25336700	1010010010	1010010010
chr22	25336704	1010010010	1010010010
chr22	48875205	1010110011	1010110011T
chr22	17628021	1010110010	1010110010T
chr22	20486571	1111000111	1111111111
chr22	16365289	1110011100	1110011100
chr22	38781082	1111001101	1111001101
chr22	18950714	1110101111	1111111111
chr22	51229495	1110101111	1111111111
chr22	16661856	1110101111	1110101111
chr22	20298220	1101111101	1111111111
chr22	25071286	1101111101	1111111111
chr22	49951798	1110111001	1111111111
chr22	18725820	0101111100	0101111100
chr22	17236488	1010000000	1110000000
chr22	17601458	1010000000	1110000000
chr22	18120149	1010000000	1110000000
chr22	18923512	1010000000	1110000000
chr22	19811172	1010000000	1110000000
chr22	20305075	1010000000	1110000000
chr22	20362484	1010000000	1110000000
chr22	20851319	1010000000	1110000000
chr22	21559300	1010000000	1110000000
chr22	23499240	1010000000	1110000000
chr22	24740773	1010000000	1110000000
chr22	24889482	1010000000	1110000000
chr22	25561413	1010000000	1110000000
chr22	26858653	1010000000	1110000000
chr22	27684048	1010000000	1110000000
chr22	27802908	1010000000	1110000000
chr22	27967452	1010000000	1110000000
chr22	28249503	1010000000	1110000000
chr22	28483595	1010000000	1110000000
chr22	30362482	1010000000	1110000000
chr22	30566647	1010000000	1110000000
chr22	31038304	1010000000	1110000000
chr22	32067734	1010000000	1110000000
chr22	32978323	1010000000	1110000000
chr22	33103000	1010000000	1110000000
chr22	33590277	1010000000	1110000000
chr22	34470112	1010000000	1110000000
chr22	37713565	1010000000	1110000000
chr22	38103904	1010000000	1110000000
chr22	39492408	1010000000	1110000000
chr22	40372764	1010000000	1110000000
chr22	41448637	1010000000	1110000000
chr22	41643122	1010000000	1110000000
chr22	42854813	1010000000	1110000000
chr22	42914050	1010000000	1110000000
chr22	43422144	1010000000	1110000000
chr22	43896853	1010000000	1110000000
chr22	45027574	1010000000	1110000000
chr22	45369075	1010000000	1110000000
chr22	45503174	1010000000	1110000000
chr22	46469944	1010000000	1110000000
chr22	48297594	1010000000	1110000000
chr22	48740919	1010000000	1110000000
chr22	50129557	1010000000	1110000000
chr22	50237337	1010000000	1110000000
chr22	50515062	1010000000	1110000000
chr22	51162181	1010000000	1110000000
chr22	49951778	1100100101	1100100101T
chr22	47811465	0001100111	0001111111
chr22	49793383	1101100101	1101100101T
chr22	20449100	0111011111	1111111111
chr22	21480192	1111100111	1111100111
chr22	21577442	1111100111	1111100111
chr22	16546581	0111111101	1111111111
chr22	49006383	0111111101	1111111111
chr22	49074978	1011001101	1011001101T
chr22	16250862	1010000101	1010000101
chr22	16365117	1111001111	1111111111
chr22	25002815	0011010110	0011010110T
chr22	51123920	1001001100	1001001100
chr22	24673494	1010101000	1010101000
chr22	49233160	0011010111	0011010111
chr22	23584439	0001110011	0001111111
chr22	18774367	0110100101	0110100101
chr22	45140591	1001010110	1001010110T
chr22	16069000	1011111111	1111111111
chr22	16078893	1011111111	1111111111
chr22	16288255	1011111111	1111111111
chr22	16291904	1011111111	1111111111
chr22	16874804	1011111111	1111111111
chr22	21050418	1011111111	1111111111
chr22	21665308	1011111111	1111111111
chr22	21819437	1011111111	1111111111
chr22	24009444	1011111111	1111111111
chr22	24652371	1011111111	1111111111
chr22	49074885	1011111111	1111111111
chr22	50066469	1011111111	1111111111
chr22	18824362	1011111111	1011111111
chr22	22979131	1011111111	1011111111
chr22	16208767	0011101011	0011101011
chr22	18752145	0110010111	0110010111
chr22	43161842	1010000110	1010000110
chr22	16141509	0111111111	1111111111
chr22	16250790	0111111111	1111111111
chr22	19947347	0111111111	1111111111
chr22	20327321	0111111111	1111111111
chr22	20472967	0111111111	1111111111
chr22	20627980	0111111111	1111111111
chr22	23659643	0111111111	1111111111
chr22	24654599	0111111111	1111111111
chr22	36131220	0111111111	1111111111
chr22	49016539	0111111111	1111111111
chr22	16065774	0111111111	0111111111
chr22	16999945	0000000110	0000000111
chr22	17164234	0000000110	0000000111
chr22	17273815	0000000110	0000000111
chr22	17427282	0000000110	0000000111
chr22	18617148	0000000110	0000000111
chr22	18952566	0000000110	0000000111
chr22	19017546	0000000110	0000000111
chr22	19627710	0000000110	0000000111
chr22	20231783	0000000110	0000000111
chr22	22029540	0000000110	0000000111
chr22	24018718	0000000110	0000000111
chr22	24093480	0000000110	0000000111
chr22	24702754	0000000110	0000000111
chr22	25364919	0000000110	0000000111
chr22	25753324	0000000110	0000000111
chr22	26230278	0000000110	0000000111
chr22	26274642	0000000110	0000000111
chr22	26785433	0000000110	0000000111
chr22	27030268	0000000110	0000000111
chr22	27269355	0000000110	0000000111
chr22	27874971	0000000110	0000000111
chr22	28686133	0000000110	0000000111
chr22	29694371	0000000110	0000000111
chr22	30017937	0000000110	0000000111
chr22	30505671	0000000110	0000000111
chr22	31798669	0000000110	0000000111
chr22	32181525	0000000110	0000000111
chr22	32511010	0000000110	0000000111
chr22	32715834	0000000110	0000000111
chr22	33120745	0000000110	0000000111
chr22	33471450	0000000110	0000000111
chr22	34121871	0000000110	0000000111
chr22	34649066	0000000110	0000000111
chr22	34842375	0000000110	0000000111
chr22	34911055	0000000110	0000000111
chr22	34915767	0000000110	0000000111
chr22	34956393	0000000110	0000000111
chr22	35636433	0000000110	0000000111
chr22	35879555	0000000110	0000000111
chr22	36695752	0000000110	0000000111
chr22	37125536	0000000110	0000000111
chr22	37367039	0000000110	0000000111
chr22	38043750	0000000110	0000000111
chr22	38286841	0000000110	0000000111
chr22	39324936	0000000110	0000000111
chr22	39585328	0000000110	0000000111
chr22	40391177	0000000110	0000000111
chr22	41057373	0000000110	0000000111
chr22	41231640	0000000110	0000000111
chr22	41312141	0000000110	0000000111
chr22	41433384	0000000110	0000000111
chr22	41457728	0000000110	0000000111
chr22	41772453	0000000110	0000000111
chr22	42033205	0000000110	0000000111
chr22	42248771	0000000110	0000000111
chr22	44101853	0000000110	0000000111
chr22	44549637	0000000110	0000000111
chr22	44905914	0000000110	0000000111
chr22	44916483	0000000110	0000000111
chr22	45148794	0000000110	0000000111
chr22	45186388	0000000110	0000000111
chr22	45561764	0000000110	0000000111
chr22	47405813	0000000110	0000000111
chr22	47646006	0000000110	0000000111
chr22	47996717	0000000110	0000000111
chr22	48110158	0000000110	0000000111
chr22	48865713	0000000110	0000000111
chr22	49471126	0000000110	0000000111
chr22	49949163	0000000110	0000000111
chr22	51187189	0000000110	0000000111
chr22	16251281	0001101001	0001111111
chr22	18343451	0001111011	0001111111
chr22	19448394	0001111011	0001111111
chr22	19955580	0001111011	0001111111
chr22	21059306	0001111011	0001111111
chr22	22611759	0001111011	0001111111
chr22	26473008	0001111011	0001111111
chr22	29772334	0001111011	0001111111
chr22	34901035	0001111011	0001111111
chr22	39326155	0001111011	0001111111
chr22	44425554	0001111011	0001111111
chr22	45363969	0001111011	0001111111
chr22	45905743	0001111011	0001111111
chr22	33522145	0001111010	0001111111
chr22	16909454	0111111110	1111111111
chr22	16387795	1100111111	1111111111
chr22	45280551	0000110100	0000110100
chr22	49203548	0000110101	0001111111
chr22	36131201	1010000111	1010000111
chr22	48875260	1010000111	1010000111
chr22	48875229	1010110111	1111111111
chr22	16507651	1011011010	1011011010T
chr22	47256013	1011011010	1011011010T
chr22	23653555	0111111010	1111111111
chr22	20626695	1011111110	1111111111
chr22	18823741	1011111110	1011111110
chr22	21625196	0111111011	1111111111
chr22	48648081	1000111011	1000111011
chr22	18151147	0001011010	0001111111
chr22	18769970	0000110001	0000110001
chr22	16463039	0100111110	0100111110
chr22	16345549	0111101110	1111111111
chr22	43447538	0001110101	0001111111
chr22	50981696	0001110101	0001111111
chr22	16347639	0111101111	1111111111
chr22	19947346	0111101111	1111111111
chr22	50467610	0111101111	0111101111
chr22	50467481	1001011101	1001011101
chr22	16649937	1001111111	1111111111
chr22	25070472	1001111111	1111111111
chr22	35563729	1001111111	1001111111
chr22	16919473	1111110111	1111111111
chr22	16941074	1111110111	1111111111
chr22	16955471	1111110111	1111111111
chr22	17036843	1111110111	1111111111
chr22	18684929	1111110111	1111111111
chr22	18779975	1111110111	1111111111
chr22	18847327	1111110111	1111111111
chr22	20298581	1111110111	1111111111
chr22	20624711	1111110111	1111111111
chr22	22979565	1111110111	1111111111
chr22	24010403	1111110111	1111111111
chr22	39446528	1111110111	1111111111
chr22	44509392	1111110111	1111111111
chr22	49268524	1111110111	1111111111
chr22	50063614	1111110111	1111111111
chr22	51121171	1111110111	1111111111
chr22	18738469	1111110111	1111110111
chr22	50746656	1111110111	1111110111
chr22	25022677	1001111110	1111111111
chr22	43900746	0100010000	0100010000
chr22	50066277	0100010000	0100010000
chr22	16155687	0000000101	0000000111
chr22	17404657	0000000101	0000000111
chr22	17786911	0000000101	0000000111
chr22	17788476	0000000101	0000000111
chr22	17818465	0000000101	0000000111
chr22	18368459	0000000101	0000000111
chr22	18413374	0000000101	0000000111
chr22	19424798	0000000101	0000000111
chr22	20838506	0000000101	0000000111
chr22	21232565	0000000101	0000000111
chr22	22315725	0000000101	0000000111
chr22	22643528	0000000101	0000000111
chr22	22814661	0000000101	0000000111
chr22	23474137	0000000101	0000000111
chr22	23824765	0000000101	0000000111
chr22	24609238	0000000101	0000000111
chr22	24728090	0000000101	0000000111
chr22	25263922	0000000101	0000000111
chr22	25491920	0000000101	0000000111
chr22	27160993	0000000101	0000000111
chr22	27981507	0000000101	0000000111
chr22	28087786	0000000101	0000000111
chr22	28289285	0000000101	0000000111
chr22	28341185	0000000101	0000000111
chr22	29531441	0000000101	0000000111
chr22	29650854	0000000101	0000000111
chr22	30170815	0000000101	0000000111
chr22	32451779	0000000101	0000000111
chr22	32721328	0000000101	0000000111
chr22	34643820	0000000101	0000000111
chr22	35145118	0000000101	0000000111
chr22	36592866	0000000101	0000000111
chr22	36688277	0000000101	0000000111
chr22	36766735	0000000101	0000000111
chr22	36961416	0000000101	0000000111
chr22	37135007	0000000101	0000000111
chr22	37439188	0000000101	0000000111
chr22	37692449	0000000101	0000000111
chr22	37863742	0000000101	0000000111
chr22	37872206	0000000101	0000000111
chr22	38057399	0000000101	0000000111
chr22	38486703	0000000101	0000000111
chr22	38715344	0000000101	0000000111
chr22	39962425	0000000101	0000000111
chr22	40535247	0000000101	0000000111
chr22	40764837	0000000101	0000000111
chr22	41414751	0000000101	0000000111
chr22	42180432	0000000101	0000000111
chr22	42184534	0000000101	0000000111
chr22	42488305	0000000101	0000000111
chr22	42615240	0000000101	0000000111
chr22	42723268	0000000101	0000000111
chr22	42809183	0000000101	0000000111
chr22	43121852	0000000101	0000000111
chr22	43611224	0000000101	0000000111
chr22	44233249	0000000101	0000000111
chr22	45187919	0000000101	0000000111
chr22	45351541	0000000101	0000000111
chr22	45906954	0000000101	0000000111
chr22	46987588	0000000101	0000000111
chr22	49756171	0000000101	0000000111
chr22	51143047	0000000101	0000000111
chr22	16127175	0000000101	0000000101
chr22	19571425	0001111001	0001111111
chr22	48648411	1001111011	1111111111
chr22	21038134	1111101110	1111101110
chr22	20652065	1111001010	1111001010
chr22	51227891	1111111000	1111111111
chr22	22914345	1110010000	1110010000
chr22	21548497	0110111010	0110111010T
chr22	43030870	1111000011	1111000011
chr22	16302297	1110001111	1111111111
chr22	17373889	1110001111	1111111111
chr22	47000776	1110001111	1110001111
chr22	18769454	1111110101	1111111111
chr22	20470617	1111110101	1111111111
chr22	16210642	1110111111	1111111111
chr22	16229769	1110111111	1111111111
chr22	16302337	1110111111	1111111111
chr22	16602841	1110111111	1111111111
chr22	16952525	1110111111	1111111111
chr22	16973059	1110111111	1111111111
chr22	16973063	1110111111	1111111111
chr22	16984522	1110111111	1111111111
chr22	16990392	1110111111	1111111111
chr22	17374498	1110111111	1111111111
chr22	18655607	1110111111	1111111111
chr22	18752106	1110111111	1111111111
chr22	18836601	1110111111	1111111111
chr22	21515683	1110111111	1111111111
chr22	21569167	1110111111	1111111111
chr22	47000761	1110111111	1111111111
chr22	17374102	1110111111	1110111111
chr22	51118478	1110111111	1110111111
chr22	19259460	0000100111	0001111111
chr22	16078974	0111101010	0111101010T
chr22	38626051	0111101010	0111101010T
chr22	48978583	0000001011	0000001011
chr22	29127715	0000101111	0001111111
chr22	43444461	0000101111	0001111111
chr22	44344847	0000101111	0001111111
chr22	48981270	0101101101	0101101101
chr22	22981754	1001100110	1001100110
chr22	25071320	1101110100	1101110100T
chr22	47000916	1111011101	1111111111
chr22	16346070	1111011101	1111011101
chr22	18791458	1111011100	1111111111
chr22	17050777	1111111010	1111111111
chr22	20320229	1111111010	1111111111
chr22	16406130	1010111111	1111111111
chr22	25697952	1010111111	1111111111
chr22	21470346	1010111111	1010111111
chr22	18802480	1011110111	1111111111
chr22	20609663	1011110111	1111111111
chr22	45280557	1011110111	1111111111
chr22	50066435	1111101101	1111111111
chr22	16098314	1111111011	1111111111
chr22	16341685	1111111011	1111111111
chr22	16364923	1111111011	1111111111
chr22	16874745	1111111011	1111111111
chr22	20329415	1111111011	1111111111
chr22	20394526	1111111011	1111111111
chr22	21486204	1111111011	1111111111
chr22	21570790	1111111011	1111111111
chr22	24656854	1111111011	1111111111
chr22	34951545	1111111011	1111111111
chr22	42524696	1111111011	1111111111
chr22	42524713	1111111011	1111111111
chr22	42963187	1111111011	1111111111
chr22	49247229	1111111011	1111111111
chr22	51241348	1111111011	1111111111
chr22	21718261	1111000000	1111000000
chr22	17780386	0001110111	0001111111
chr22	20236297	0001110111	0001111111
chr22	21414417	0001110111	0001111111
chr22	33703157	0001110111	0001111111
chr22	34653499	0001110111	0001111111
chr22	36723868	0001110111	0001111111
chr22	48005419	0001110111	0001111111
chr22	49131891	0001110111	0001111111
chr22	50196281	1110111110	1110111110
chr22	19684423	1110111101	1111111111
chr22	21829254	1011000000	1011000000
chr22	46543075	0000111110	0001111111
chr22	18572472	1001000000	1001000000
chr22	18904210	0000111111	0001111111
chr22	19396719	0000111111	0001111111
chr22	19512884	0000111111	0001111111
chr22	22012440	0000111111	0001111111
chr22	25467863	0000111111	0001111111
chr22	25484931	0000111111	0001111111
chr22	27993917	0000111111	0001111111
chr22	35966580	0000111111	0001111111
chr22	36055154	0000111111	0001111111
chr22	41750154	0000111111	0001111111
chr22	45453796	0000111111	0001111111
chr22	49983371	0000111111	0001111111
chr22	50352547	0000111111	0001111111
chr22	18572480	0100000101	0100000101
chr22	44510591	1010011100	1010011100
chr22	21066942	0101101111	0101101111
chr22	48439900	0000101100	0000101100
chr22	18089256	0100000001	0100000001
chr22	26170655	0001011101	0001111111
chr22	49891484	0001011101	0001111111
chr22	16208756	1111101111	1111111111
chr22	16661840	1111101111	1111111111
chr22	20291481	1111101111	1111111111
chr22	24009879	1111101111	1111111111
chr22	25853106	1111101111	1111111111
chr22	39386819	1111101111	1111111111
chr22	49074950	1111101111	1111111111
chr22	51230503	1111101111	1111111111
chr22	18775424	1111101111	1111101111
chr22	20322773	0000011111	0001111111
chr22	16655722	1101101111	1111111111
chr22	47255448	1101101111	1101101111
chr22	18844942	1011010101	1011010101T
chr22	21602657	1101110011	1111111111
chr22	16081329	1101111111	1111111111
chr22	18838749	1101111111	1111111111
chr22	21605678	1101111111	1111111111
chr22	21635607	1101111111	1111111111
chr22	21735049	1101111111	1111111111
chr22	25459042	1101111111	1111111111
chr22	38781817	1101111111	1111111111
chr22	47000866	1101111111	1111111111
chr22	50066487	1101111111	1111111111
chr22	50253683	1101111111	1111111111
chr22	18823722	1101111111	1101111111
chr22	21483320	1101111111	1101111111
chr22	19022182	0100011101	0100011101
chr22	16898206	1101110010	1101110010T
chr22	21571677	0011001010	0011001010
chr22	32846128	0011001010	0011001010
chr22	18040208	0001101101	0001111111
chr22	31846827	0110100000	0110100000
chr22	16384639	1110011110	1111111111
chr22	18843741	1110011111	1111111111
chr22	23680589	1110011111	1111111111
chr22	49122409	1010011011	1010011011T
chr22	17373956	1001000100	1001000100
chr22	24323878	1010101110	1010101110T
chr22	20322149	1010101111	1111111111
chr22	20490661	0010100000	0010100000
chr22	18748118	1111100100	1111100100
chr22	20354187	1111100100	1111100100
chr22	17306490	1100000000	1110000000
chr22	17611267	1100000000	1110000000
chr22	17793625	1100000000	1110000000
chr22	19305317	1100000000	1110000000
chr22	19621395	1100000000	1110000000
chr22	20289447	1100000000	1110000000
chr22	20380651	1100000000	1110000000
chr22	21676431	1100000000	1110000000
chr22	22105700	1100000000	1110000000
chr22	24193965	1100000000	1110000000
chr22	25445240	1100000000	1110000000
chr22	26867047	1100000000	1110000000
chr22	27341733	1100000000	1110000000
chr22	30795385	1100000000	1110000000
chr22	32753923	1100000000	1110000000
chr22	33199175	1100000000	1110000000
chr22	33904705	1100000000	1110000000
chr22	36231898	1100000000	1110000000
chr22	36235315	1100000000	1110000000
chr22	37112929	1100000000	1110000000
chr22	38093055	1100000000	1110000000
chr22	38458788	1100000000	1110000000
chr22	38486895	1100000000	1110000000
chr22	40338395	1100000000	1110000000
chr22	40964709	1100000000	1110000000
chr22	41665276	1100000000	1110000000
chr22	42571426	1100000000	1110000000
chr22	42716891	1100000000	1110000000
chr22	43317973	1100000000	1110000000
chr22	43959795	1100000000	1110000000
chr22	44199988	1100000000	1110000000
chr22	44899172	1100000000	1110000000
chr22	46061736	1100000000	1110000000
chr22	46864707	1100000000	1110000000
chr22	46953770	1100000000	1110000000
chr22	47368262	1100000000	1110000000
chr22	47848218	1100000000	1110000000
chr22	48237543	1100000000	1110000000
chr22	50241107	1100000000	1110000000
chr22	50517412	1100000000	1110000000
chr22	51049580	1100000000	1110000000
chr22	45852214	1100000000	1100000000
chr22	16099957	1101001000	1101001000
chr22	16216383	1111111110	1111111111
chr22	16937959	1111111110	1111111111
chr22	17028148	1111111110	1111111111
chr22	18775018	1111111110	1111111111
chr22	18787761	1111111110	1111111111
chr22	18789625	1111111110	1111111111
chr22	20330513	1111111110	1111111111
chr22	20354198	1111111110	1111111111
chr22	21600633	1111111110	1111111111
chr22	21636129	1111111110	1111111111
chr22	22970974	1111111110	1111111111
chr22	24651330	1111111110	1111111111
chr22	37496460	1111111110	1111111111
chr22	49249195	1111111110	1111111111
chr22	49249212	1111111110	1111111111
chr22	16662102	0001010110	0001111111
chr22	21718120	1101000011	1101000011
chr22	26089916	0001111110	0001111111
chr22	28143338	0001111110	0001111111
chr22	28375599	0001111110	0001111111
chr22	31426879	0001111110	0001111111
chr22	31602610	0001111110	0001111111
chr22	34085414	0001111110	0001111111
chr22	34447563	0001111110	0001111111
chr22	40185377	0001111110	0001111111
chr22	40387526	0001111110	0001111111
chr22	42868636	0001111110	0001111111
chr22	47196330	0001111110	0001111111
chr22	48740673	0001111110	0001111111
chr22	17819658	0001011111	0001111111
chr22	18308859	0001011111	0001111111
chr22	18416761	0001011111	0001111111
chr22	20031295	0001011111	0001111111
chr22	28771113	0001011111	0001111111
chr22	30837374	0001011111	0001111111
chr22	33548089	0001011111	0001111111
chr22	33845235	0001011111	0001111111
chr22	35091026	0001011111	0001111111
chr22	36916233	0001011111	0001111111
chr22	37453934	0001011111	0001111111
chr22	41030734	0001011111	0001111111
chr22	42873894	0001011111	0001111111
chr22	43739598	0001011111	0001111111
chr22	46431412	0001011111	0001111111
chr22	47774412	0001011111	0001111111
chr22	48855447	0001011111	0001111111
chr22	21327682	0001010111	0001111111
chr22	30333242	0001010111	0001111111
chr22	51124630	0001010111	0001111111
chr22	20706869	0011110111	1111111111
chr22	45724050	0011110111	1111111111
chr22	17263275	0000001010	0000001010
chr22	16537357	0000100010	0000100010
chr22	23688906	0000100010	0000100010
chr22	26202885	0001001111	0001111111
chr22	33783567	0001001111	0001111111
chr22	37726381	0001001111	0001111111
chr22	40973508	0001001111	0001111111
chr22	45874830	0001001111	0001111111
chr22	48978581	0010001011	0010001011
chr22	25913027	1011010110	1011010110T
chr22	18904875	1110110111	1111111111
chr22	44510539	1110110111	1111111111
chr22	16113372	1110110111	1110110111
chr22	16681678	1110110111	1110110111
chr22	18802400	0000101010	0000101010
chr22	21071059	0010010000	0010010000
chr22	19947359	0100100100	0100100100
chr22	21063672	0100100100	0100100100
chr22	18798951	0100100000	0100100000
chr22	35867794	0001101110	0001111111
chr22	44746217	0001101110	0001111111
chr22	44902319	0001101110	0001111111
chr22	47161014	0001101110	0001111111
chr22	18553112	0001101111	0001111111
chr22	23352784	0001101111	0001111111
chr22	23798506	0001101111	0001111111
chr22	33693598	0001101111	0001111111
chr22	41268110	0001101111	0001111111
chr22	43754765	0001101111	0001111111
chr22	45371097	0001101111	0001111111
chr22	47992559	0001101111	0001111111
chr22	48771701	0001101111	0001111111
chr22	49074954	0001101111	0001111111
chr22	49429051	0001101111	0001111111
chr22	49624772	0001101111	0001111111
chr22	34955296	1100101010	1100101010T
chr22	42963183	1011111011	1011111011
chr22	49122311	1100101011	1100101011T
chr22	48648660	0000010101	0000010101
chr22	48648663	0000010101	0000010101
chr22	50872499	0000010101	0000010101
chr22	16695096	0110111011	1111111111
chr22	21732051	1011111001	1111111111
chr22	21971040	0011000010	0011000010
chr22	22980270	1111111100	1111111111
chr22	42563529	0000010100	0000010100
chr22	16579906	1111111101	1111111111
chr22	18773792	1111111101	1111111111
chr22	18780549	1111111101	1111111111
chr22	18863520	1111111101	1111111111
chr22	20324038	1111111101	1111111111
chr22	20502333	1111111101	1111111111
chr22	20627068	1111111101	1111111111
chr22	20705118	1111111101	1111111111
chr22	21665168	1111111101	1111111111
chr22	23669878	1111111101	1111111111
chr22	24692619	1111111101	1111111111
chr22	46621686	1111111101	1111111111
chr22	51215028	1111111101	1111111111
chr22	21479770	1111111101	1111111101
chr22	21689805	1111111101	1111111101
chr22	20320655	1111011110	1111111111
chr22	42905717	0000001100	0000001100
chr22	33411227	0000010001	0000010001
chr22	28226430	0001111100	0001111111
chr22	29856861	0001111100	0001111111
chr22	45032022	0001111100	0001111111
chr22	48199636	0001111100	0001111111
chr22	49074977	0111001101	0111001101T
chr22	20118085	0001111101	0001111111
chr22	24298026	0001111101	0001111111
chr22	26674417	0001111101	0001111111
chr22	28352178	0001111101	0001111111
chr22	32397792	0001111101	0001111111
chr22	38301564	0001111101	0001111111
chr22	40971183	0001111101	0001111111
chr22	42741171	0001111101	0001111111
chr22	48565583	0001111101	0001111111
chr22	48775134	0001111101	0001111111
chr22	49428133	0001111101	0001111111
chr22	50539692	0001111101	0001111111
chr22	50625480	0001111101	0001111111
chr22	16083573	1111011111	1111111111
chr22	16236958	1111011111	1111111111
chr22	16346045	1111011111	1111111111
chr22	16647946	1111011111	1111111111
chr22	16695829	1111011111	1111111111
chr22	16952184	1111011111	1111111111
chr22	16953405	1111011111	1111111111
chr22	17031581	1111011111	1111111111
chr22	17031584	1111011111	1111111111
chr22	18787128	1111011111	1111111111
chr22	20457060	1111011111	1111111111
chr22	20491664	1111011111	1111111111
chr22	24651927	1111011111	1111111111
chr22	35888192	1111011111	1111111111
chr22	35888195	1111011111	1111111111
chr22	49074933	1111011111	1111111111
chr22	50933896	1111011111	1111111111
chr22	16557053	1111011111	1111011111
chr22	20346278	1111011111	1111011111
chr22	47293813	1111011111	1111011111
chr22	47999083	1111011111	1111011111
chr22	16223418	0110111111	1111111111
chr22	16990407	0110111111	1111111111
chr22	16990420	0110111111	1111111111
chr22	18736464	0110111111	0110111111
chr22	19022175	0110111111	0110111111
chr22	20449216	1111011010	1111111111
chr22	16340551	1111011011	1111111111
