-----
Chromosome	Location	Original Code	New Code
-----
chr22	43202338	1000001010	1000001010
chr22	24368292	0000001111	0000111111
chr22	30413875	0000001111	0000111111
chr22	35189870	0000001111	0000001111
chr22	17308583	0000110111	0000111111
chr22	17736328	0000110111	0000111111
chr22	21625353	0000110111	0000111111
chr22	29873911	0000110111	0000111111
chr22	31146208	0000110111	0000111111
chr22	32178003	0000110111	0000111111
chr22	33738153	0000110111	0000111111
chr22	34233022	0000110111	0000111111
chr22	35872485	0000110111	0000111111
chr22	40001065	0000110111	0000111111
chr22	47501536	0000110111	0000111111
chr22	48467222	0000110111	0000111111
chr22	50070644	0000110111	0000111111
chr22	39037979	0000001110	0000001110
chr22	48875205	0010001101	0010001101
chr22	24369327	1001111000	1001111000
chr22	49074954	0111011101	1111111111
chr22	45724050	1110011101	1111111111
chr22	48875229	0011010101	0011010101
chr22	16205497	0100011110	0100011110
chr22	16394113	0100011110	0100011110
chr22	24693823	1100100100	1100100100
chr22	18802480	1110111011	1111111111
chr22	43202339	0111110101	0111110101
chr22	22980270	1110010111	1111111111
chr22	21665168	1110010111	1110010111
chr22	17373889	1110101101	1111111111
chr22	51227891	1110101101	1111111111
chr22	16973063	1111100111	1111111111
chr22	18780549	0111111101	1111111111
chr22	50253683	0111111101	1111111111
chr22	16384639	1111100110	1111111111
chr22	42563529	0001101010	0001101010
chr22	51123920	1101101100	1101101100
chr22	42911257	1011010000	1011010000
chr22	36252981	0000011101	0000111111
chr22	16104668	0011011111	0011011111
chr22	16208756	1011111111	1111111111
chr22	16208762	1011111111	1111111111
chr22	16346070	1011111111	1111111111
chr22	16937959	1011111111	1111111111
chr22	18795889	1011111111	1111111111
chr22	18836501	1011111111	1111111111
chr22	20354198	1011111111	1111111111
chr22	20626695	1011111111	1111111111
chr22	21569167	1011111111	1111111111
chr22	21626227	1011111111	1111111111
chr22	23653555	1011111111	1111111111
chr22	24660074	1011111111	1111111111
chr22	39446528	1011111111	1111111111
chr22	42907619	1011111111	1111111111
chr22	51121171	1011111111	1111111111
chr22	51229495	1011111111	1111111111
chr22	16333119	1011111111	1011111111
chr22	16406130	1001101011	1001101011T
chr22	51123921	1001101010	1001101010
chr22	16081207	0111111111	1111111111
chr22	16875292	0111111111	1111111111
chr22	16952978	0111111111	1111111111
chr22	16953044	0111111111	1111111111
chr22	16955494	0111111111	1111111111
chr22	17031584	0111111111	1111111111
chr22	19021819	0111111111	1111111111
chr22	20320655	0111111111	1111111111
chr22	20727332	0111111111	1111111111
chr22	21600633	0111111111	1111111111
chr22	23661800	0111111111	1111111111
chr22	25051265	0111111111	1111111111
chr22	25065795	0111111111	1111111111
chr22	44510539	0111111111	1111111111
chr22	21038134	0101011110	0101011110T
chr22	23076345	0000110101	0000111111
chr22	48687451	0000110101	0000111111
chr22	22914345	0001001011	0001001011
chr22	33000524	1011010010	1011010010
chr22	49662220	1011010010	1011010010
chr22	17499030	1011111110	1111111111
chr22	21693697	1011111110	1111111111
chr22	16661856	1011111110	1011111110
chr22	19022182	0100111111	1111111111
chr22	49951798	0011111011	1111111111
chr22	16476596	1111110111	1111111111
chr22	16973059	1111110111	1111111111
chr22	20390063	1111110111	1111111111
chr22	21633356	1111110111	1111111111
chr22	24651330	1111110111	1111111111
chr22	24651349	1111110111	1111111111
chr22	25048768	1111110111	1111111111
chr22	29813253	1111110111	1111111111
chr22	50066469	1111110111	1111111111
chr22	51215028	1111110111	1111111111
chr22	16302077	1111110111	1111110111
chr22	20346278	1111110111	1111110111
chr22	20652065	1111110111	1111110111
chr22	25663036	1111110111	1111110111
chr22	47000776	1111110111	1111110111
chr22	18843741	1001111110	1111111111
chr22	49233160	1011111100	1011111100
chr22	16387795	1011111101	1111111111
chr22	24655282	1011111101	1111111111
chr22	25697952	1011111101	1111111111
chr22	16250790	0111101011	1111111111
chr22	16365289	1111110011	1111111111
chr22	16319620	1111101110	1111111111
chr22	21720452	1111101110	1111101110
chr22	18715480	1111111001	1111111111
chr22	18780513	1111111001	1111111111
chr22	25913027	1111001010	1111001010
chr22	17373956	0101000101	0101000101
chr22	25070472	0011111110	1111111111
chr22	16898206	1011011110	1111111111
chr22	16661840	1011011110	1011011110
chr22	16208767	1011011111	1111111111
chr22	16081115	1110111111	1111111111
chr22	16364490	1110111111	1111111111
chr22	16636328	1110111111	1111111111
chr22	16925866	1110111111	1111111111
chr22	18738469	1110111111	1111111111
chr22	21022550	1110111111	1111111111
chr22	22643421	1110111111	1111111111
chr22	25065777	1110111111	1111111111
chr22	42967403	1110111111	1111111111
chr22	47000761	1110111111	1111111111
chr22	16379072	1110111111	1110111111
chr22	17143903	0000100111	0000111111
chr22	22813822	0000100111	0000111111
chr22	27767992	0000100111	0000111111
chr22	34781847	0000100111	0000111111
chr22	48648022	0000100111	0000111111
chr22	45140591	1011101010	1011101010
chr22	21570790	0111001001	0111001001
chr22	21515683	1111001001	1111001001
chr22	17030334	1111111010	1111111111
chr22	25016442	1111111010	1111111111
chr22	51118478	1111111010	1111111111
chr22	22970974	1001111101	1001111101
chr22	16990392	1111101101	1111111111
chr22	42963183	1111101101	1111111111
chr22	43030870	1111101101	1111111111
chr22	16365117	1111111011	1111111111
chr22	16647946	1111111011	1111111111
chr22	16893598	1111111011	1111111111
chr22	17030306	1111111011	1111111111
chr22	18802113	1111111011	1111111111
chr22	20291481	1111111011	1111111111
chr22	20470617	1111111011	1111111111
chr22	20718029	1111111011	1111111111
chr22	22622953	1111111011	1111111111
chr22	22975138	1111111011	1111111111
chr22	24014049	1111111011	1111111111
chr22	25002815	1111111011	1111111111
chr22	51235979	1111111011	1111111111
chr22	16106567	1111111011	1111111011
chr22	18572472	0110001001	0110001001
chr22	49793383	0111000100	0111000100
chr22	16364923	1010011110	1010011110T
chr22	16695096	1010011110	1010011110T
chr22	25002850	0111011010	0111011010
chr22	21718120	0001100010	0001100010
chr22	18791458	1010100111	1010100111
chr22	21718239	1010100111	1010100111
chr22	48648411	1010100111	1010100111
chr22	48128394	0111000001	0111000001
chr22	49132199	1110010011	1110010011
chr22	20486571	1110111110	1111111111
chr22	20501608	1110111110	1111111111
chr22	16345547	1110111101	1111111111
chr22	16463039	1110111100	1111111111
chr22	18789625	1110111100	1111111111
chr22	21705663	1010011100	1010011100
chr22	24673494	0110110000	0110110000
chr22	18572480	0000011110	0000111111
chr22	22705689	0000011110	0000111111
chr22	44940214	0000011110	0000111111
chr22	20322773	0100001111	0100001111
chr22	16590575	1111101111	1111111111
chr22	16590578	1111101111	1111111111
chr22	17374133	1111101111	1111111111
chr22	18775018	1111101111	1111111111
chr22	19947341	1111101111	1111111111
chr22	21044631	1111101111	1111111111
chr22	21044637	1111101111	1111111111
chr22	21044663	1111101111	1111111111
chr22	21050875	1111101111	1111111111
chr22	21618989	1111101111	1111111111
chr22	21709742	1111101111	1111111111
chr22	22620837	1111101111	1111111111
chr22	23669869	1111101111	1111111111
chr22	23669878	1111101111	1111111111
chr22	46963260	1111101111	1111111111
chr22	48128434	0010000101	0010000101
chr22	16565925	0000011111	0000111111
chr22	19973657	0000011111	0000111111
chr22	27967484	0000011111	0000111111
chr22	32567422	0000011111	0000111111
chr22	34372542	0000011111	0000111111
chr22	38064973	0000011111	0000111111
chr22	39831697	0000011111	0000111111
chr22	40300430	0000011111	0000111111
chr22	40612669	0000011111	0000111111
chr22	43524947	0000011111	0000111111
chr22	43836167	0000011111	0000111111
chr22	46183904	0000011111	0000111111
chr22	49851803	0000011111	0000111111
chr22	49898850	0000011111	0000111111
chr22	21071059	0100011100	0100011100
chr22	24369345	1001011010	1001011010
chr22	24323878	1010001011	1010001011
chr22	16655722	1110011110	1111111111
chr22	33171694	1100000001	1100000001
chr22	42963187	1111100101	1111111111
chr22	21494149	0011110111	1111111111
chr22	19688483	0001001110	0001001110
chr22	20502333	1011010111	1111111111
chr22	21571993	0010010000	0010010000
chr22	25336718	0010010000	0010010000
chr22	20627265	0011011001	0011011001
chr22	32609461	0100100000	0100100000
chr22	48648081	1011011101	1111111111
chr22	49074977	0100100001	0100100001
chr22	16661659	0011111101	1111111111
chr22	18823772	0011111101	0011111101
chr22	49074978	0000100101	0000111111
chr22	50467481	0011001011	0011001011
chr22	21718250	1100011001	1100011001
chr22	21718261	1100011001	1100011001
chr22	16340551	0110111111	1111111111
chr22	48875260	0000001001	0000001001
chr22	16251281	1111011011	1111111111
chr22	32846128	1111011011	1111111111
chr22	18725820	1010111010	1010111010
chr22	16061992	1011101111	1111111111
chr22	16210642	1011101111	1011101111
chr22	32695314	1011101111	1011101111
chr22	49016539	1011101111	1011101111
chr22	19947346	1011101110	1111111111
chr22	25022677	1111011001	1111111111
chr22	36131201	1010111011	1010111011
chr22	44509392	1001110010	1001110010
chr22	16984522	1100111101	1100111101
chr22	18769978	1101010000	1101010000
chr22	50066435	1000100011	1000100011
chr22	27748719	0000111010	0000111111
chr22	16990407	1011101101	1111111111
chr22	16364901	1010010011	1010010011
chr22	25336700	1010010011	1010010011
chr22	25336704	1010010011	1010010011
chr22	21829254	1001100000	1001100000
chr22	18752145	1111010010	1111010010
chr22	16871656	0000111011	0000111111
chr22	19718376	0000111011	0000111111
chr22	20279707	0000111011	0000111111
chr22	22495287	0000111011	0000111111
chr22	22541381	0000111011	0000111111
chr22	23901121	0000111011	0000111111
chr22	24328200	0000111011	0000111111
chr22	25039173	0000111011	0000111111
chr22	26349607	0000111011	0000111111
chr22	26550321	0000111011	0000111111
chr22	28505366	0000111011	0000111111
chr22	32352622	0000111011	0000111111
chr22	33362073	0000111011	0000111111
chr22	35090008	0000111011	0000111111
chr22	36739967	0000111011	0000111111
chr22	36963266	0000111011	0000111111
chr22	38619096	0000111011	0000111111
chr22	38767173	0000111011	0000111111
chr22	41325445	0000111011	0000111111
chr22	46127885	0000111011	0000111111
chr22	49982993	0000111011	0000111111
chr22	50096049	0000111011	0000111111
chr22	50168847	0000111011	0000111111
chr22	50987507	0000111011	0000111111
chr22	30310346	0000111011	0000111011
chr22	46050928	0000111011	0000111011
chr22	25912968	1101111101	1111111111
chr22	19688482	0001000100	0001000100
chr22	22914349	0001000001	0001000001
chr22	18774367	0101001111	0101001111
chr22	21517491	1110100111	1110100111
chr22	16345549	1010101101	1010101101T
chr22	19684423	1111000101	1111000101
chr22	47000916	1110100110	1110100110
chr22	18748118	1110100010	1110100010
chr22	49063919	0101100100	0101100100
chr22	48075754	1010000010	1010000010
chr22	21602657	1110100101	1110100101
chr22	16375717	0000000110	0000000111
chr22	16927697	0000000110	0000000111
chr22	16985669	0000000110	0000000111
chr22	17085328	0000000110	0000000111
chr22	19074899	0000000110	0000000111
chr22	19931380	0000000110	0000000111
chr22	20071353	0000000110	0000000111
chr22	20150741	0000000110	0000000111
chr22	21160465	0000000110	0000000111
chr22	21947364	0000000110	0000000111
chr22	22540145	0000000110	0000000111
chr22	23646920	0000000110	0000000111
chr22	24033798	0000000110	0000000111
chr22	24928786	0000000110	0000000111
chr22	25076535	0000000110	0000000111
chr22	26458099	0000000110	0000000111
chr22	26861521	0000000110	0000000111
chr22	27410146	0000000110	0000000111
chr22	28002852	0000000110	0000000111
chr22	28697847	0000000110	0000000111
chr22	29238858	0000000110	0000000111
chr22	29551418	0000000110	0000000111
chr22	30135170	0000000110	0000000111
chr22	30280502	0000000110	0000000111
chr22	30466854	0000000110	0000000111
chr22	30542661	0000000110	0000000111
chr22	30640299	0000000110	0000000111
chr22	31078735	0000000110	0000000111
chr22	31163070	0000000110	0000000111
chr22	31306865	0000000110	0000000111
chr22	31680817	0000000110	0000000111
chr22	31932135	0000000110	0000000111
chr22	32989899	0000000110	0000000111
chr22	34031561	0000000110	0000000111
chr22	34111402	0000000110	0000000111
chr22	34338132	0000000110	0000000111
chr22	37391271	0000000110	0000000111
chr22	38307341	0000000110	0000000111
chr22	38470984	0000000110	0000000111
chr22	38608561	0000000110	0000000111
chr22	38979433	0000000110	0000000111
chr22	39470075	0000000110	0000000111
chr22	40294890	0000000110	0000000111
chr22	40307455	0000000110	0000000111
chr22	40509308	0000000110	0000000111
chr22	40607689	0000000110	0000000111
chr22	40621340	0000000110	0000000111
chr22	41958837	0000000110	0000000111
chr22	43424112	0000000110	0000000111
chr22	45253424	0000000110	0000000111
chr22	46183745	0000000110	0000000111
chr22	47176511	0000000110	0000000111
chr22	47437774	0000000110	0000000111
chr22	47698057	0000000110	0000000111
chr22	47741021	0000000110	0000000111
chr22	49082805	0000000110	0000000111
chr22	49429993	0000000110	0000000111
chr22	49870140	0000000110	0000000111
chr22	50251933	0000000110	0000000111
chr22	51136553	0000000110	0000000111
chr22	18986461	0000000110	0000000110
chr22	32251066	0000000110	0000000110
chr22	18787128	1100111111	1111111111
chr22	45724132	1100111111	1111111111
chr22	34955296	1100111111	1100111111
chr22	21066942	1100111110	1111111111
chr22	21470346	1010111001	1010111001
chr22	16099957	1111101001	1111111111
chr22	21625196	1111101001	1111101001
chr22	49122409	1111101001	1111101001
chr22	16250862	0011001101	0011001101
chr22	16302297	0111100111	1111111111
chr22	20449100	0111100111	1111111111
chr22	21548497	0111100111	1111111111
chr22	25071320	1011101001	1011101001
chr22	35887894	0111111011	1111111111
chr22	16507651	0111101110	1111111111
chr22	18798951	0111000011	0111000011
chr22	38626051	0111000011	0111000011
chr22	25015744	1000010000	1000010000
chr22	22981754	1000000101	1000000101
chr22	16223418	1111101011	1111111111
chr22	35888210	1111101011	1111111111
chr22	16208651	1111101011	1111101011
chr22	21625385	1111101011	1111101011
chr22	46659697	1000000001	1000000001
chr22	21819437	1111101010	1111111111
chr22	16470604	0000000101	0000000111
chr22	17749232	0000000101	0000000111
chr22	19002074	0000000101	0000000111
chr22	20219913	0000000101	0000000111
chr22	20842709	0000000101	0000000111
chr22	22562473	0000000101	0000000111
chr22	23524246	0000000101	0000000111
chr22	24037610	0000000101	0000000111
chr22	25072538	0000000101	0000000111
chr22	25170400	0000000101	0000000111
chr22	26697579	0000000101	0000000111
chr22	28002837	0000000101	0000000111
chr22	28190631	0000000101	0000000111
chr22	28453794	0000000101	0000000111
chr22	29169484	0000000101	0000000111
chr22	29175828	0000000101	0000000111
chr22	29375021	0000000101	0000000111
chr22	29521161	0000000101	0000000111
chr22	29544806	0000000101	0000000111
chr22	30512724	0000000101	0000000111
chr22	30878295	0000000101	0000000111
chr22	31317908	0000000101	0000000111
chr22	31978142	0000000101	0000000111
chr22	33081942	0000000101	0000000111
chr22	33324217	0000000101	0000000111
chr22	33695948	0000000101	0000000111
chr22	33860432	0000000101	0000000111
chr22	34048547	0000000101	0000000111
chr22	35416218	0000000101	0000000111
chr22	35878438	0000000101	0000000111
chr22	36025724	0000000101	0000000111
chr22	37449902	0000000101	0000000111
chr22	37472063	0000000101	0000000111
chr22	38730577	0000000101	0000000111
chr22	38852719	0000000101	0000000111
chr22	39911236	0000000101	0000000111
chr22	40171031	0000000101	0000000111
chr22	40434437	0000000101	0000000111
chr22	40492300	0000000101	0000000111
chr22	42052058	0000000101	0000000111
chr22	42395636	0000000101	0000000111
chr22	44872498	0000000101	0000000111
chr22	45402597	0000000101	0000000111
chr22	45559876	0000000101	0000000111
chr22	45957005	0000000101	0000000111
chr22	46469685	0000000101	0000000111
chr22	46892427	0000000101	0000000111
chr22	47125964	0000000101	0000000111
chr22	47538367	0000000101	0000000111
chr22	47841663	0000000101	0000000111
chr22	48855871	0000000101	0000000111
chr22	49352020	0000000101	0000000111
chr22	49797960	0000000101	0000000111
chr22	50460945	0000000101	0000000111
chr22	50528370	0000000101	0000000111
chr22	50560403	0000000101	0000000111
chr22	50935320	0000000101	0000000111
chr22	21066930	0100101110	0100101110
chr22	49662219	0100101110	0100101110
chr22	33115105	0000110011	0000111111
chr22	34202460	0000110011	0000111111
chr22	17127171	0000111100	0000111111
chr22	18052667	0000111100	0000111111
chr22	47616394	0000111100	0000111111
chr22	48981270	1110101011	1110101011
chr22	23353390	0000111101	0000111111
chr22	24343569	0000111101	0000111111
chr22	25087337	0000111101	0000111111
chr22	29015296	0000111101	0000111111
chr22	29498297	0000111101	0000111111
chr22	33838621	0000111101	0000111111
chr22	37975989	0000111101	0000111111
chr22	38304216	0000111101	0000111111
chr22	39318973	0000111101	0000111111
chr22	39348731	0000111101	0000111111
chr22	41742836	0000111101	0000111111
chr22	41970489	0000111101	0000111111
chr22	42679721	0000111101	0000111111
chr22	42802274	0000111101	0000111111
chr22	45667509	0000111101	0000111111
chr22	46663937	0000111101	0000111111
chr22	47319602	0000111101	0000111111
chr22	17267982	0000111101	0000111101
chr22	18048892	0000101111	0000111111
chr22	18388067	0000101111	0000111111
chr22	21012711	0000101111	0000111111
chr22	22135912	0000101111	0000111111
chr22	22670856	0000101111	0000111111
chr22	23471712	0000101111	0000111111
chr22	29756439	0000101111	0000111111
chr22	35385154	0000101111	0000111111
chr22	40984600	0000101111	0000111111
chr22	47693788	0000101111	0000111111
chr22	49119894	0000101111	0000111111
chr22	18655607	1010111111	1111111111
chr22	24009444	1011110111	1111111111
chr22	44510591	1010111110	1010111110
chr22	16104288	1011110110	1111111111
chr22	16078893	1111010111	1111111111
chr22	44591990	0000011001	0000111111
chr22	16302337	0111110011	1111111111
chr22	45150253	0110010000	0110010000
chr22	35309948	0000101110	0000111111
chr22	20298220	0010000011	0010000011
chr22	45280557	1101111000	1101111000
chr22	24651963	1101101011	1111111111
chr22	26823464	1101101011	1101101011
chr22	17379750	0000111110	0000111111
chr22	17536863	0000111110	0000111111
chr22	18565537	0000111110	0000111111
chr22	19132350	0000111110	0000111111
chr22	23182882	0000111110	0000111111
chr22	27955243	0000111110	0000111111
chr22	28390707	0000111110	0000111111
chr22	30310895	0000111110	0000111111
chr22	33715357	0000111110	0000111111
chr22	34733066	0000111110	0000111111
chr22	35970492	0000111110	0000111111
chr22	36279756	0000111110	0000111111
chr22	36557138	0000111110	0000111111
chr22	37288314	0000111110	0000111111
chr22	38042747	0000111110	0000111111
chr22	38137461	0000111110	0000111111
chr22	41579032	0000111110	0000111111
chr22	41893713	0000111110	0000111111
chr22	42377525	0000111110	0000111111
chr22	44820835	0000111110	0000111111
chr22	45185150	0000111110	0000111111
chr22	46667263	0000111110	0000111111
chr22	33085253	0000101101	0000111111
chr22	39475362	0000101101	0000111111
chr22	26850715	0000101101	0000101101
chr22	48648660	1001010100	1001010100
chr22	16537357	0101001010	0101001010
chr22	21718264	1001101101	1001101101T
chr22	17374102	1101101110	1101101110
chr22	18769970	1101000001	1101000001
chr22	16288255	1101111111	1111111111
chr22	16347827	1101111111	1111111111
chr22	16533761	1101111111	1111111111
chr22	16956445	1101111111	1111111111
chr22	17374498	1101111111	1111111111
chr22	18000380	1101111111	1111111111
chr22	18863659	1101111111	1111111111
chr22	21586643	1101111111	1111111111
chr22	21635607	1101111111	1111111111
chr22	51220848	1101111111	1111111111
chr22	17628083	0110010010	0110010010
chr22	26440715	0000011011	0000111111
chr22	29789537	0000011011	0000111111
chr22	49000147	0000011011	0000111111
chr22	37226093	0000011011	0000011011
chr22	19947347	1010101110	1010101110T
chr22	34174722	0000010111	0000111111
chr22	36655935	0000010111	0000111111
chr22	16236958	1111111110	1111111111
chr22	16248606	1111111110	1111111111
chr22	16341685	1111111110	1111111111
chr22	16384689	1111111110	1111111111
chr22	18652023	1111111110	1111111111
chr22	21022939	1111111110	1111111111
chr22	21505702	1111111110	1111111111
chr22	21680702	1111111110	1111111111
chr22	25642251	1111111110	1111111111
chr22	35563729	1111111110	1111111111
chr22	42536263	1111111110	1111111111
chr22	16411311	1111111110	1111111110
chr22	18779975	1111111110	1111111110
chr22	20206777	0000010011	0000111111
chr22	20354187	0010110111	0010110111
chr22	16078974	0110110110	0110110110T
chr22	44509903	1000110000	1000110000
chr22	46127892	0000101010	0000111111
chr22	20894115	0000101011	0000111111
chr22	36171864	0000101011	0000111111
chr22	16546581	0001101110	0001101110
chr22	45883904	0000010101	0000111111
chr22	16662102	1110101001	1110101001
chr22	20449216	0101011010	0101011010
chr22	20706869	1111111100	1111111111
chr22	16649937	1111111101	1111111111
chr22	16695829	1111111101	1111111111
chr22	16990420	1111111101	1111111111
chr22	17031725	1111111101	1111111111
chr22	17031962	1111111101	1111111111
chr22	17031985	1111111101	1111111111
chr22	18801179	1111111101	1111111111
chr22	20491664	1111111101	1111111111
chr22	21761502	1111111101	1111111111
chr22	35563315	1111111101	1111111111
chr22	38120429	1111111101	1111111111
chr22	41611708	1111111101	1111111111
chr22	47606957	1111111101	1111111111
chr22	49074950	1111111101	1111111111
chr22	20330513	1111111101	1111111101
chr22	21665308	1111111101	1111111101
chr22	18289412	0000101001	0000111111
chr22	18787761	1111011111	1111111111
chr22	20320229	1111011111	1111111111
chr22	20320242	1111011111	1111111111
chr22	21605678	1111011111	1111111111
chr22	21636129	1111011111	1111111111
chr22	21639323	1111011111	1111111111
chr22	22668855	1111011111	1111111111
chr22	22979131	1111011111	1111111111
chr22	24009862	1111011111	1111111111
chr22	24010403	1111011111	1111111111
chr22	25642250	1111011111	1111111111
chr22	46378906	1111011111	1111111111
chr22	16338055	1111011111	1111011111
chr22	22668885	1111011111	1111011111
