-----
Chromosome	Location	Original Code	New Code
-----
chr22	34526999	0000001111	0001111111
chr22	18164079	0000110111	0001111111
chr22	19187362	0000110111	0001111111
chr22	19947361	0000110111	0001111111
chr22	25480791	0000110111	0001111111
chr22	31950908	0000110111	0001111111
chr22	32893230	0000110111	0001111111
chr22	35371423	0000110111	0001111111
chr22	38298017	0000110111	0001111111
chr22	38510429	0000110111	0001111111
chr22	17566745	0000110110	0001111111
chr22	20115723	0000110110	0001111111
chr22	18826389	0100100011	0100100011
chr22	32846128	1100010111	1100010111
chr22	21718120	0101011001	0101011001
chr22	45280557	0111110111	1111111111
chr22	21605678	0111110111	0111110111
chr22	18655607	0101111111	1111111111
chr22	19947341	0101111111	1111111111
chr22	44510539	0101111111	1111111111
chr22	20626695	0101111111	0101111111
chr22	24323878	1100100110	1100100110
chr22	33000515	0111010100	0111010100
chr22	16898206	1111110001	1111111111
chr22	48981270	1010110011	1010110011T
chr22	16394113	0011010100	0011010100
chr22	21071059	1000001111	1000001111
chr22	19022175	1110111010	1111111111
chr22	37403711	0001100110	0001111111
chr22	36131201	1110010111	1110010111
chr22	18098019	0001100111	0001111111
chr22	45861741	0001100111	0001111111
chr22	46362945	0001100111	0001111111
chr22	47277745	0001100111	0001111111
chr22	46630644	0001110001	0001111111
chr22	20627265	1101011001	1101011001T
chr22	16406130	1110101101	1111111111
chr22	47000916	1000110111	1000110111
chr22	21718250	1110000100	1110000100
chr22	21718261	1110000100	1110000100
chr22	21718239	1011001100	1011001100T
chr22	34675087	0001101010	0001111111
chr22	16365289	1101101101	1111111111
chr22	20486571	1101101101	1111111111
chr22	49951798	1111100010	1111100010
chr22	42552352	0000011100	0000011100
chr22	18624189	0000011101	0001111111
chr22	28003429	0001110011	0001111111
chr22	30906437	0001110011	0001111111
chr22	32754940	0001110011	0001111111
chr22	36711903	0001110011	0001111111
chr22	39120106	0001110011	0001111111
chr22	44377739	0001110011	0001111111
chr22	20462780	0001110011	0001110011
chr22	41400927	0001110010	0001111111
chr22	46484153	0001110010	0001111111
chr22	16346113	1011111111	1111111111
chr22	16347827	1011111111	1111111111
chr22	16354754	1011111111	1111111111
chr22	16409394	1011111111	1111111111
chr22	16597156	1011111111	1111111111
chr22	16914473	1011111111	1111111111
chr22	18787761	1011111111	1111111111
chr22	20650506	1011111111	1111111111
chr22	21048402	1011111111	1111111111
chr22	22620818	1011111111	1111111111
chr22	22621464	1011111111	1111111111
chr22	22665278	1011111111	1111111111
chr22	22974983	1011111111	1111111111
chr22	23242285	1011111111	1111111111
chr22	24617380	1011111111	1111111111
chr22	35563775	1011111111	1111111111
chr22	49209303	1011111111	1111111111
chr22	51208255	1011111111	1111111111
chr22	16216924	1011111111	1011111111
chr22	16411235	1011111111	1011111111
chr22	16411253	1011111111	1011111111
chr22	16571243	1011111111	1011111111
chr22	18775424	1011111111	1011111111
chr22	21665168	1011111111	1011111111
chr22	21505702	1010011111	1111111111
chr22	18844942	1011001111	1111111111
chr22	16081329	0111111111	1111111111
chr22	16096159	0111111111	1111111111
chr22	16101814	0111111111	1111111111
chr22	16340551	0111111111	1111111111
chr22	16387795	0111111111	1111111111
chr22	16399783	0111111111	1111111111
chr22	16409666	0111111111	1111111111
chr22	16413241	0111111111	1111111111
chr22	16546468	0111111111	1111111111
chr22	16591253	0111111111	1111111111
chr22	16878882	0111111111	1111111111
chr22	16973063	0111111111	1111111111
chr22	21022939	0111111111	1111111111
chr22	21050319	0111111111	1111111111
chr22	23669869	0111111111	1111111111
chr22	23669878	0111111111	1111111111
chr22	24652371	0111111111	1111111111
chr22	28056207	0111111111	1111111111
chr22	38787703	0111111111	1111111111
chr22	51121104	0111111111	1111111111
chr22	16411304	0111111111	0111111111
chr22	16411311	0111111111	0111111111
chr22	22977536	0111111111	0111111111
chr22	47999083	0111111111	0111111111
chr22	23926840	0001101001	0001111111
chr22	49793383	0001101000	0001101000
chr22	16236958	0111111110	1111111111
chr22	35888210	0111111110	1111111111
chr22	35888203	0111111110	0111111110
chr22	17828031	0001001011	0001111111
chr22	25961223	0001001011	0001111111
chr22	36522587	0001001011	0001001011
chr22	19947359	1010110111	1111111111
chr22	47000776	1011111110	1111111111
chr22	26532950	0001011011	0001111111
chr22	29236477	0001011011	0001111111
chr22	31534166	0001011011	0001111111
chr22	43058626	0001011011	0001111111
chr22	21550282	0001011011	0001011011
chr22	24776696	0001110101	0001111111
chr22	33593898	0001110101	0001111111
chr22	41483159	0001110101	0001111111
chr22	46378906	1111110110	1111111111
chr22	50585962	1111110110	1111111111
chr22	21494149	1001111111	1111111111
chr22	16078893	1111110111	1111111111
chr22	18841052	1111110111	1111111111
chr22	20354187	1111110111	1111111111
chr22	22621322	1111110111	1111111111
chr22	24692619	1111110111	1111111111
chr22	28590275	1111110111	1111111111
chr22	46963260	1111110111	1111111111
chr22	50066469	1111110111	1111111111
chr22	18791458	1001111110	1111111111
chr22	24314640	0001110100	0001111111
chr22	38401423	0001110100	0001111111
chr22	33106594	0001101011	0001111111
chr22	38079434	0001101011	0001111111
chr22	38506966	0001101011	0001111111
chr22	38857217	0001101011	0001111111
chr22	40006953	0001101011	0001111111
chr22	46813869	0001101011	0001111111
chr22	48961000	0001101011	0001111111
chr22	49340099	0001101011	0001111111
chr22	50967168	0001101011	0001111111
chr22	22970974	1111110011	1111110011
chr22	16250862	0100100111	0100100111
chr22	20490201	1111101110	1111101110
chr22	49074954	1000101100	1000101100
chr22	21515683	1111111001	1111111111
chr22	41880723	0001001101	0001111111
chr22	49003788	0001001101	0001111111
chr22	50346511	0001001101	0001111111
chr22	19688483	0101000101	0101000101
chr22	21829254	0001001001	0001001001
chr22	48648081	0011111111	1111111111
chr22	48648411	0011111111	1111111111
chr22	25336700	0001001000	0001001000
chr22	25336704	0001001000	0001001000
chr22	17373889	0101010100	0101010100
chr22	18802480	1011011111	1111111111
chr22	16674154	1110111111	1111111111
chr22	16956509	1110111111	1111111111
chr22	16956913	1110111111	1111111111
chr22	17034841	1110111111	1111111111
chr22	17499030	1110111111	1111111111
chr22	18836501	1110111111	1111111111
chr22	21719813	1110111111	1111111111
chr22	21720452	1110111111	1111111111
chr22	23653555	1110111111	1111111111
chr22	47606957	1110111111	1111111111
chr22	51216679	1110111111	1111111111
chr22	51229495	1110111111	1111111111
chr22	16077252	1110111111	1110111111
chr22	21683708	1110111111	1110111111
chr22	19947360	0000100111	0001111111
chr22	30231544	0000100111	0001111111
chr22	35495650	0000100111	0001111111
chr22	16306250	0101010000	0101010000
chr22	24673494	0101010000	0101010000
chr22	49951778	0101010001	0101010001
chr22	18752145	1001111100	1001111100
chr22	21639323	1111111010	1111111111
chr22	25070472	1111111010	1111111010
chr22	50066435	1111111010	1111111010
chr22	37496460	1001111101	1111111111
chr22	35563729	1111101100	1111111111
chr22	16953044	1111111011	1111111111
chr22	17005083	1111111011	1111111111
chr22	20320229	1111111011	1111111111
chr22	20320242	1111111011	1111111111
chr22	20320655	1111111011	1111111111
chr22	21480192	1111111011	1111111111
chr22	25071286	1111111011	1111111111
chr22	34493709	1111111011	1111111111
chr22	35887894	1111111011	1111111111
chr22	49016539	1111111011	1111111111
chr22	51211980	1111111011	1111111111
chr22	18823722	1111111011	1111111011
chr22	22979131	1111111011	1111111011
chr22	49016553	1111111011	1111111011
chr22	25071320	0111011011	1111111111
chr22	33000524	1010100010	1010100010
chr22	41311804	0001100010	0001100010
chr22	48648660	0001100010	0001100010
chr22	45736262	0001100011	0001111111
chr22	49379585	0001100011	0001111111
chr22	49986273	0001100011	0001111111
chr22	24009444	1110010011	1110010011
chr22	44702208	0111000000	0111000000
chr22	16082887	0101010110	0101010110
chr22	21600633	1110111101	1111111111
chr22	25663036	1110111100	1111111111
chr22	18835298	1100100000	1100100000
chr22	44509392	1110011010	1110011010
chr22	30272238	0000011110	0001111111
chr22	16302337	1111101111	1111111111
chr22	16384689	1111101111	1111111111
chr22	16990392	1111101111	1111111111
chr22	17374133	1111101111	1111111111
chr22	17374498	1111101111	1111111111
chr22	20354198	1111101111	1111111111
chr22	20627068	1111101111	1111111111
chr22	21066942	1111101111	1111111111
chr22	21602657	1111101111	1111111111
chr22	21819437	1111101111	1111111111
chr22	22980270	1111101111	1111111111
chr22	24009879	1111101111	1111111111
chr22	24010913	1111101111	1111111111
chr22	40979648	1111101111	1111111111
chr22	42548178	1111101111	1111111111
chr22	16600763	1111101111	1111101111
chr22	24009862	1111101111	1111101111
chr22	25357495	0000011111	0001111111
chr22	29312583	0000011111	0001111111
chr22	30490009	0000011111	0001111111
chr22	43782290	0000011111	0001111111
chr22	50908463	0000011111	0001111111
chr22	19688482	0011110100	0011110100
chr22	22914345	0001010010	0001010010
chr22	17281534	0001100001	0001100001
chr22	17300285	0001100001	0001100001
chr22	17992699	0001100001	0001100001
chr22	18325167	0001100001	0001100001
chr22	18410905	0001100001	0001100001
chr22	18931137	0001100001	0001100001
chr22	19120258	0001100001	0001100001
chr22	19134489	0001100001	0001100001
chr22	19159457	0001100001	0001100001
chr22	19543974	0001100001	0001100001
chr22	19558009	0001100001	0001100001
chr22	19598504	0001100001	0001100001
chr22	19999298	0001100001	0001100001
chr22	20012356	0001100001	0001100001
chr22	20096800	0001100001	0001100001
chr22	20656289	0001100001	0001100001
chr22	20767924	0001100001	0001100001
chr22	20824945	0001100001	0001100001
chr22	21193948	0001100001	0001100001
chr22	21591752	0001100001	0001100001
chr22	21933244	0001100001	0001100001
chr22	22001922	0001100001	0001100001
chr22	22154485	0001100001	0001100001
chr22	22303098	0001100001	0001100001
chr22	23055502	0001100001	0001100001
chr22	23196459	0001100001	0001100001
chr22	23677238	0001100001	0001100001
chr22	24443122	0001100001	0001100001
chr22	24576602	0001100001	0001100001
chr22	25063218	0001100001	0001100001
chr22	27096417	0001100001	0001100001
chr22	27562784	0001100001	0001100001
chr22	27687273	0001100001	0001100001
chr22	28557972	0001100001	0001100001
chr22	28836835	0001100001	0001100001
chr22	29741901	0001100001	0001100001
chr22	30140604	0001100001	0001100001
chr22	30293141	0001100001	0001100001
chr22	32527030	0001100001	0001100001
chr22	34104836	0001100001	0001100001
chr22	34290440	0001100001	0001100001
chr22	34368471	0001100001	0001100001
chr22	34641103	0001100001	0001100001
chr22	34884704	0001100001	0001100001
chr22	36867698	0001100001	0001100001
chr22	37377278	0001100001	0001100001
chr22	38833373	0001100001	0001100001
chr22	39463014	0001100001	0001100001
chr22	39764085	0001100001	0001100001
chr22	39975292	0001100001	0001100001
chr22	40647513	0001100001	0001100001
chr22	40892628	0001100001	0001100001
chr22	41464912	0001100001	0001100001
chr22	42448407	0001100001	0001100001
chr22	42738811	0001100001	0001100001
chr22	42795154	0001100001	0001100001
chr22	42942067	0001100001	0001100001
chr22	42974967	0001100001	0001100001
chr22	42990061	0001100001	0001100001
chr22	43772090	0001100001	0001100001
chr22	44021170	0001100001	0001100001
chr22	44397221	0001100001	0001100001
chr22	45389200	0001100001	0001100001
chr22	45556185	0001100001	0001100001
chr22	45973317	0001100001	0001100001
chr22	46851037	0001100001	0001100001
chr22	47569447	0001100001	0001100001
chr22	50051894	0001100001	0001100001
chr22	51034882	0001100001	0001100001
chr22	51182273	0001100001	0001100001
chr22	16113372	1110011110	1110011110
chr22	24651330	1110011111	1111111111
chr22	16507651	1110011111	1110011111
chr22	25065795	0010111111	1111111111
chr22	18769970	1100000001	1100000001
chr22	17036589	1100000000	1110000000
chr22	19730418	1100000000	1110000000
chr22	20129025	1100000000	1110000000
chr22	23692503	1100000000	1110000000
chr22	24050276	1100000000	1110000000
chr22	24166272	1100000000	1110000000
chr22	24407444	1100000000	1110000000
chr22	24982118	1100000000	1110000000
chr22	25400287	1100000000	1110000000
chr22	25407314	1100000000	1110000000
chr22	28899613	1100000000	1110000000
chr22	29127371	1100000000	1110000000
chr22	30243944	1100000000	1110000000
chr22	30411739	1100000000	1110000000
chr22	31676324	1100000000	1110000000
chr22	32237373	1100000000	1110000000
chr22	32842859	1100000000	1110000000
chr22	33127935	1100000000	1110000000
chr22	35192061	1100000000	1110000000
chr22	35192077	1100000000	1110000000
chr22	35787807	1100000000	1110000000
chr22	35840364	1100000000	1110000000
chr22	36001998	1100000000	1110000000
chr22	38757111	1100000000	1110000000
chr22	39358801	1100000000	1110000000
chr22	39366385	1100000000	1110000000
chr22	40256656	1100000000	1110000000
chr22	40616903	1100000000	1110000000
chr22	40675122	1100000000	1110000000
chr22	41808619	1100000000	1110000000
chr22	42084301	1100000000	1110000000
chr22	42446547	1100000000	1110000000
chr22	43479617	1100000000	1110000000
chr22	44175601	1100000000	1110000000
chr22	44837432	1100000000	1110000000
chr22	45042794	1100000000	1110000000
chr22	45485769	1100000000	1110000000
chr22	45670333	1100000000	1110000000
chr22	45739412	1100000000	1110000000
chr22	45916544	1100000000	1110000000
chr22	45937669	1100000000	1110000000
chr22	46504619	1100000000	1110000000
chr22	46648533	1100000000	1110000000
chr22	47899331	1100000000	1110000000
chr22	48440330	1100000000	1110000000
chr22	48745524	1100000000	1110000000
chr22	48755845	1100000000	1110000000
chr22	50086812	1100000000	1110000000
chr22	51067514	1100000000	1110000000
chr22	17263275	1100000000	1100000000
chr22	25432496	0001100101	0001111111
chr22	49962302	0001100101	0001111111
chr22	16210642	0111001111	1111111111
chr22	21470346	0111001111	0111001111
chr22	22346419	0001010111	0001111111
chr22	25169891	0001010111	0001111111
chr22	34737987	0001010111	0001111111
chr22	35214344	0001010111	0001111111
chr22	49835807	0001010111	0001111111
chr22	26183676	0001001110	0001111111
chr22	48080628	0001001110	0001111111
chr22	19091420	0001001111	0001111111
chr22	25771831	0001001111	0001111111
chr22	34716485	0001001111	0001111111
chr22	40938634	0001001111	0001111111
chr22	42017599	0001001111	0001111111
chr22	45418106	0001001111	0001111111
chr22	48593102	0001001111	0001111111
chr22	49390674	0001001111	0001111111
chr22	21824216	0001001111	0001001111
chr22	21571698	0001010001	0001010001
chr22	17373956	1011011100	1011011100T
chr22	24654059	1011011100	1011011100T
chr22	51123920	0011111100	0011111100
chr22	16463039	1011111010	1111111111
chr22	18780549	0011111101	1111111111
chr22	16104288	1011111011	1111111111
chr22	51121171	1011111011	1011111011
chr22	16990407	1100101011	1100101011T
chr22	20298220	0111010010	0111010010
chr22	48439986	0111010010	0111010010
chr22	48875260	0000100100	0000100100
chr22	27499491	0001010101	0001111111
chr22	43097048	0001010101	0001111111
chr22	16649937	0110111111	1111111111
chr22	49249212	0110111111	1111111111
chr22	43202339	0110111111	0110111111
chr22	17858412	0000100001	0000100001
chr22	26450045	0000100001	0000100001
chr22	29435095	0000100001	0000100001
chr22	34922916	0000100001	0000100001
chr22	35724441	0000100001	0000100001
chr22	36452388	0000100001	0000100001
chr22	38027593	0000100001	0000100001
chr22	43148011	0000100001	0000100001
chr22	44155687	0000100001	0000100001
chr22	46165845	0000100001	0000100001
chr22	48192331	0000100001	0000100001
chr22	48789850	0000100001	0000100001
chr22	49038979	0000100001	0000100001
chr22	49445719	0000100001	0000100001
chr22	47256013	1111011010	1111011010
chr22	16661659	1111011011	1111111111
chr22	20322149	1111011011	1111111111
chr22	25016121	1011101111	1111111111
chr22	21683529	0011000101	0011000101
chr22	16219241	0000111001	0001111111
chr22	38626051	1000100011	1000100011
chr22	19088192	0001000010	0001000010
chr22	29199044	0001000111	0001111111
chr22	16345549	1100101100	1100101100T
chr22	20434784	0001000110	0001000110
chr22	16993529	0000111010	0001111111
chr22	42911257	1000010110	1000010110
chr22	20501608	1111010011	1111111111
chr22	19022182	1111010010	1111010010
chr22	24411987	0000111011	0001111111
chr22	27337239	0000111011	0001111111
chr22	29201818	0000111011	0001111111
chr22	30627307	0000111011	0001111111
chr22	41788443	0000111011	0001111111
chr22	41795195	0000111011	0001111111
chr22	46418256	0000111011	0001111111
chr22	16251281	1101111101	1111111111
chr22	25022677	1101111101	1111111111
chr22	21570790	1100000011	1100000011
chr22	18599371	0001000001	0001000001
chr22	18876260	0001000001	0001000001
chr22	19273611	0001000001	0001000001
chr22	29116904	0001000001	0001000001
chr22	29212687	0001000001	0001000001
chr22	34731279	0001000001	0001000001
chr22	34964517	0001000001	0001000001
chr22	35579366	0001000001	0001000001
chr22	35880616	0001000001	0001000001
chr22	37948222	0001000001	0001000001
chr22	45036603	0001000001	0001000001
chr22	46483879	0001000001	0001000001
chr22	50316783	0001000001	0001000001
chr22	16384639	0010101010	0010101010
chr22	16186139	1010000000	1110000000
chr22	17900959	1010000000	1110000000
chr22	18055159	1010000000	1110000000
chr22	18842204	1010000000	1110000000
chr22	19215078	1010000000	1110000000
chr22	19970607	1010000000	1110000000
chr22	21169681	1010000000	1110000000
chr22	22707627	1010000000	1110000000
chr22	22750160	1010000000	1110000000
chr22	23563585	1010000000	1110000000
chr22	24480396	1010000000	1110000000
chr22	24588380	1010000000	1110000000
chr22	25071150	1010000000	1110000000
chr22	25379813	1010000000	1110000000
chr22	25966163	1010000000	1110000000
chr22	27464082	1010000000	1110000000
chr22	27544063	1010000000	1110000000
chr22	30232929	1010000000	1110000000
chr22	30831219	1010000000	1110000000
chr22	31129551	1010000000	1110000000
chr22	31748158	1010000000	1110000000
chr22	32046944	1010000000	1110000000
chr22	33540935	1010000000	1110000000
chr22	36711749	1010000000	1110000000
chr22	37688670	1010000000	1110000000
chr22	37922708	1010000000	1110000000
chr22	38272850	1010000000	1110000000
chr22	38960534	1010000000	1110000000
chr22	39491657	1010000000	1110000000
chr22	39895082	1010000000	1110000000
chr22	39919936	1010000000	1110000000
chr22	40026077	1010000000	1110000000
chr22	41117972	1010000000	1110000000
chr22	42385440	1010000000	1110000000
chr22	42553245	1010000000	1110000000
chr22	42936506	1010000000	1110000000
chr22	43466917	1010000000	1110000000
chr22	43567369	1010000000	1110000000
chr22	43591052	1010000000	1110000000
chr22	43970297	1010000000	1110000000
chr22	44780525	1010000000	1110000000
chr22	46646038	1010000000	1110000000
chr22	47894959	1010000000	1110000000
chr22	50332973	1010000000	1110000000
chr22	21625196	0110001101	0110001101
chr22	21066930	0011100010	0011100010
chr22	16100273	0101100000	0101100000
chr22	18798951	1010000101	1010000101
chr22	25015744	1010000100	1010000100
chr22	36522612	0011001111	0011001111
chr22	42563529	1000111000	1000111000
chr22	21038134	0101100100	0101100100
chr22	21690762	0000000011	0000000111
chr22	21929409	0000000011	0000000111
chr22	22279281	0000000011	0000000111
chr22	29204908	0000000011	0000000111
chr22	33289181	0000000011	0000000111
chr22	40024547	0000000011	0000000111
chr22	40641116	0000000011	0000000111
chr22	41513847	0000000011	0000000111
chr22	42299864	0000000011	0000000111
chr22	44750596	0000000011	0000000111
chr22	47761233	0000000011	0000000111
chr22	49102939	0000000011	0000000111
chr22	49770944	0000000011	0000000111
chr22	19453414	0000000011	0000000011
chr22	22147341	0000000011	0000000011
chr22	24412552	0000000011	0000000011
chr22	24719020	0000000011	0000000011
chr22	29387002	0000000011	0000000011
chr22	29464137	0000000011	0000000011
chr22	33213046	0000000011	0000000011
chr22	34471084	0000000011	0000000011
chr22	34671372	0000000011	0000000011
chr22	36940881	0000000011	0000000011
chr22	39838048	0000000011	0000000011
chr22	39845979	0000000011	0000000011
chr22	46632011	0000000011	0000000011
chr22	47107127	0000000011	0000000011
chr22	48227496	0000000011	0000000011
chr22	49348276	0000000011	0000000011
chr22	49513934	0000000011	0000000011
chr22	34955296	1001011110	1001011110
chr22	17026259	0001111011	0001111111
chr22	19440126	0001111011	0001111111
chr22	19443962	0001111011	0001111111
chr22	19610814	0001111011	0001111111
chr22	19955520	0001111011	0001111111
chr22	22649975	0001111011	0001111111
chr22	22855832	0001111011	0001111111
chr22	23330472	0001111011	0001111111
chr22	23689923	0001111011	0001111111
chr22	24210044	0001111011	0001111111
chr22	25195662	0001111011	0001111111
chr22	26692358	0001111011	0001111111
chr22	27003265	0001111011	0001111111
chr22	27424393	0001111011	0001111111
chr22	28093347	0001111011	0001111111
chr22	28340303	0001111011	0001111111
chr22	29889356	0001111011	0001111111
chr22	30072530	0001111011	0001111111
chr22	30321447	0001111011	0001111111
chr22	30404176	0001111011	0001111111
chr22	30583216	0001111011	0001111111
chr22	30662170	0001111011	0001111111
chr22	30817006	0001111011	0001111111
chr22	31788423	0001111011	0001111111
chr22	32156267	0001111011	0001111111
chr22	32354619	0001111011	0001111111
chr22	32465171	0001111011	0001111111
chr22	32975633	0001111011	0001111111
chr22	33002759	0001111011	0001111111
chr22	34003101	0001111011	0001111111
chr22	34108911	0001111011	0001111111
chr22	35973446	0001111011	0001111111
chr22	36730403	0001111011	0001111111
chr22	37047927	0001111011	0001111111
chr22	37275432	0001111011	0001111111
chr22	39022974	0001111011	0001111111
chr22	39732762	0001111011	0001111111
chr22	42025774	0001111011	0001111111
chr22	42672041	0001111011	0001111111
chr22	42847396	0001111011	0001111111
chr22	43469292	0001111011	0001111111
chr22	44323243	0001111011	0001111111
chr22	45461583	0001111011	0001111111
chr22	46060265	0001111011	0001111111
chr22	46154259	0001111011	0001111111
chr22	46217318	0001111011	0001111111
chr22	46250203	0001111011	0001111111
chr22	46624827	0001111011	0001111111
chr22	46691969	0001111011	0001111111
chr22	46783011	0001111011	0001111111
chr22	48853613	0001111011	0001111111
chr22	49791383	0001111011	0001111111
chr22	50199007	0001111011	0001111111
chr22	50233214	0001111011	0001111111
chr22	50596434	0001111011	0001111111
chr22	50652162	0001111011	0001111111
chr22	50699649	0001111011	0001111111
chr22	50841110	0001111011	0001111111
chr22	51237830	0001111011	0001111111
chr22	17584723	0001111010	0001111111
chr22	18416445	0001111010	0001111111
chr22	27469298	0001111010	0001111111
chr22	37307760	0001111010	0001111111
chr22	43976153	0001111010	0001111111
chr22	16345547	1100111110	1111111111
chr22	51121148	0100001100	0100001100
chr22	21705663	0011000110	0011000110
chr22	44509903	1010111000	1010111000
chr22	21718264	1011101100	1011101100T
chr22	16662102	1100101111	1100101111
chr22	18748118	0111111011	1111111111
chr22	49258245	0111111011	1111111111
chr22	16056455	1110100000	1110100000
chr22	49006383	0111101110	1111111111
chr22	49233160	0110100110	0110100110
chr22	24651963	1011011011	1111111111
chr22	50467610	1000000001	1000000001
chr22	45724132	1111101010	1111111111
chr22	29209864	0001111000	0001111111
chr22	35643769	0001111000	0001111111
chr22	17990183	0000000101	0000000111
chr22	18563572	0000000101	0000000111
chr22	21519318	0000000101	0000000111
chr22	25899117	0000000101	0000000111
chr22	27857724	0000000101	0000000111
chr22	29333853	0000000101	0000000111
chr22	33350605	0000000101	0000000111
chr22	38982249	0000000101	0000000111
chr22	45342369	0000000101	0000000111
chr22	47250307	0000000101	0000000111
chr22	48579527	0000000101	0000000111
chr22	16468244	0001111001	0001111111
chr22	18786679	0001111001	0001111111
chr22	20118056	0001111001	0001111111
chr22	20138908	0001111001	0001111111
chr22	30516321	0001111001	0001111111
chr22	31246920	0001111001	0001111111
chr22	34244647	0001111001	0001111111
chr22	50571924	0001111001	0001111111
chr22	18774367	1110001111	1111111111
chr22	22621318	1111110101	1111111111
chr22	24370160	0000110011	0001111111
chr22	16325698	0100000110	0100000110
chr22	20652065	0111101010	0111101010T
chr22	21549028	1011110010	1011110010T
chr22	18248698	0000111100	0001111111
chr22	25913027	1110101011	1111111111
chr22	16540296	0000111101	0001111111
chr22	16575382	0000111101	0001111111
chr22	23218406	0000111101	0001111111
chr22	24252046	0000111101	0001111111
chr22	24596424	0000111101	0001111111
chr22	28473170	0000111101	0001111111
chr22	31244712	0000111101	0001111111
chr22	37980778	0000111101	0001111111
chr22	46333225	0000111101	0001111111
chr22	49293280	0000111101	0001111111
chr22	20491664	1011100100	1011100100
chr22	16536762	0000101111	0001111111
chr22	22945740	0000101111	0001111111
chr22	43902785	0000101111	0001111111
chr22	44897439	0000101111	0001111111
chr22	20449100	1101110101	1111111111
chr22	31252360	0100000010	0100000010
chr22	47293811	1000010010	1000010010
chr22	16302297	1111011101	1111011101
chr22	49132199	1011100011	1011100011T
chr22	16655722	1011110111	1111111111
chr22	38781082	1011110111	1111111111
chr22	43030870	1001101111	1001101111
chr22	25336642	0010100100	0010100100
chr22	24732114	0000101110	0001111111
chr22	16479042	0001110110	0001111111
chr22	23706459	0001110110	0001111111
chr22	24190390	0001110110	0001111111
chr22	27264873	0001110110	0001111111
chr22	28042045	0001110110	0001111111
chr22	30183587	0001110110	0001111111
chr22	37473324	0001110110	0001111111
chr22	40818122	0001110110	0001111111
chr22	49119470	0001110110	0001111111
chr22	16215536	0001110111	0001111111
chr22	18809826	0001110111	0001111111
chr22	19140398	0001110111	0001111111
chr22	19171912	0001110111	0001111111
chr22	21982741	0001110111	0001111111
chr22	22449733	0001110111	0001111111
chr22	22569160	0001110111	0001111111
chr22	22838693	0001110111	0001111111
chr22	23214122	0001110111	0001111111
chr22	23654389	0001110111	0001111111
chr22	23861297	0001110111	0001111111
chr22	25041998	0001110111	0001111111
chr22	27362641	0001110111	0001111111
chr22	28053533	0001110111	0001111111
chr22	28862205	0001110111	0001111111
chr22	29319417	0001110111	0001111111
chr22	29692577	0001110111	0001111111
chr22	30364806	0001110111	0001111111
chr22	30591682	0001110111	0001111111
chr22	30834796	0001110111	0001111111
chr22	31917686	0001110111	0001111111
chr22	32658431	0001110111	0001111111
chr22	33796068	0001110111	0001111111
chr22	35306181	0001110111	0001111111
chr22	35726692	0001110111	0001111111
chr22	36060057	0001110111	0001111111
chr22	38590831	0001110111	0001111111
chr22	41782044	0001110111	0001111111
chr22	41901260	0001110111	0001111111
chr22	42155301	0001110111	0001111111
chr22	42403984	0001110111	0001111111
chr22	43017185	0001110111	0001111111
chr22	43138852	0001110111	0001111111
chr22	43798377	0001110111	0001111111
chr22	44160370	0001110111	0001111111
chr22	44379595	0001110111	0001111111
chr22	44775138	0001110111	0001111111
chr22	45695447	0001110111	0001111111
chr22	45842134	0001110111	0001111111
chr22	46179431	0001110111	0001111111
chr22	46222294	0001110111	0001111111
chr22	46400409	0001110111	0001111111
chr22	46584432	0001110111	0001111111
chr22	46599742	0001110111	0001111111
chr22	46932815	0001110111	0001111111
chr22	46997516	0001110111	0001111111
chr22	47323719	0001110111	0001111111
chr22	47711360	0001110111	0001111111
chr22	47892177	0001110111	0001111111
chr22	48235550	0001110111	0001111111
chr22	48574541	0001110111	0001111111
chr22	48592049	0001110111	0001111111
chr22	48890072	0001110111	0001111111
chr22	49452327	0001110111	0001111111
chr22	49682715	0001110111	0001111111
chr22	49851812	0001110111	0001111111
chr22	51021951	0001110111	0001111111
chr22	16078974	0011101111	1111111111
chr22	22138914	0000111110	0001111111
chr22	27366311	0000111110	0001111111
chr22	31206619	0000111110	0001111111
chr22	35127616	0000111110	0001111111
chr22	36492436	0000111110	0001111111
chr22	43202338	1001000000	1001000000
chr22	16177784	0000111111	0001111111
chr22	17459993	0000111111	0001111111
chr22	17482938	0000111111	0001111111
chr22	18329460	0000111111	0001111111
chr22	18386725	0000111111	0001111111
chr22	21068505	0000111111	0001111111
chr22	22706655	0000111111	0001111111
chr22	23638376	0000111111	0001111111
chr22	23709968	0000111111	0001111111
chr22	24078455	0000111111	0001111111
chr22	25078978	0000111111	0001111111
chr22	25643283	0000111111	0001111111
chr22	25752509	0000111111	0001111111
chr22	26292743	0000111111	0001111111
chr22	26827216	0000111111	0001111111
chr22	27617662	0000111111	0001111111
chr22	27983531	0000111111	0001111111
chr22	29320080	0000111111	0001111111
chr22	29617533	0000111111	0001111111
chr22	30480603	0000111111	0001111111
chr22	30616496	0000111111	0001111111
chr22	30644977	0000111111	0001111111
chr22	32954561	0000111111	0001111111
chr22	33715428	0000111111	0001111111
chr22	33764382	0000111111	0001111111
chr22	34086459	0000111111	0001111111
chr22	34710542	0000111111	0001111111
chr22	34787439	0000111111	0001111111
chr22	35553948	0000111111	0001111111
chr22	35628102	0000111111	0001111111
chr22	36243749	0000111111	0001111111
chr22	36564875	0000111111	0001111111
chr22	37227279	0000111111	0001111111
chr22	37451908	0000111111	0001111111
chr22	37853783	0000111111	0001111111
chr22	38458409	0000111111	0001111111
chr22	38527628	0000111111	0001111111
chr22	38779496	0000111111	0001111111
chr22	39252913	0000111111	0001111111
chr22	40053110	0000111111	0001111111
chr22	40137529	0000111111	0001111111
chr22	40325782	0000111111	0001111111
chr22	40328332	0000111111	0001111111
chr22	40754329	0000111111	0001111111
chr22	41634541	0000111111	0001111111
chr22	42521556	0000111111	0001111111
chr22	42727298	0000111111	0001111111
chr22	42886619	0000111111	0001111111
chr22	43005023	0000111111	0001111111
chr22	43416698	0000111111	0001111111
chr22	44149589	0000111111	0001111111
chr22	44428536	0000111111	0001111111
chr22	45684128	0000111111	0001111111
chr22	46678891	0000111111	0001111111
chr22	47242912	0000111111	0001111111
chr22	47329591	0000111111	0001111111
chr22	48253342	0000111111	0001111111
chr22	48799169	0000111111	0001111111
chr22	48840725	0000111111	0001111111
chr22	49023534	0000111111	0001111111
chr22	49637869	0000111111	0001111111
chr22	49732247	0000111111	0001111111
chr22	49919854	0000111111	0001111111
chr22	50530792	0000111111	0001111111
chr22	50835990	0000111111	0001111111
chr22	50874836	0000111111	0001111111
chr22	22625155	0000111111	0000111111
chr22	24648584	0000111111	0000111111
chr22	33171694	0100000101	0100000101
chr22	48128434	1000011000	1000011000
chr22	29729836	0001011100	0001111111
chr22	16695096	1001010100	1001010100
chr22	29485601	0100000001	0100000001
chr22	23198316	0001011101	0001111111
chr22	29870583	0001011101	0001111111
chr22	30703240	0001011101	0001111111
chr22	37244955	0001011101	0001111111
chr22	41790684	0001011101	0001111111
chr22	47713480	0001011101	0001111111
chr22	50219821	0001011101	0001111111
chr22	50624710	0001011101	0001111111
chr22	50997380	0001011101	0001111111
chr22	20322773	0010100110	0010100110
chr22	21732051	1101101110	1111111111
chr22	50467481	1101101110	1101101110
chr22	16546581	1101101111	1111111111
chr22	16302945	1101111111	1111111111
chr22	16364923	1101111111	1111111111
chr22	16365117	1101111111	1111111111
chr22	16528060	1101111111	1111111111
chr22	17005246	1101111111	1111111111
chr22	18823741	1101111111	1111111111
chr22	25697952	1101111111	1111111111
chr22	42967403	1101111111	1111111111
chr22	51227891	1101111111	1111111111
chr22	21584468	1101111111	1101111111
chr22	24010477	1101111111	1101111111
chr22	48128394	0110010010	0110010010
chr22	18785435	0000011011	0001111111
chr22	49074950	1101111110	1111111111
chr22	47071309	0001101100	0001111111
chr22	25626782	0001101101	0001111111
chr22	36472139	0001101101	0001111111
chr22	38878903	0001101101	0001111111
chr22	39996238	0001101101	0001111111
chr22	46832742	0001101101	0001111111
chr22	47094285	0001101101	0001111111
chr22	50567831	0001101101	0001111111
chr22	50681363	0001101101	0001111111
chr22	16984522	1101101010	1101101010T
chr22	30006754	0000010111	0001111111
chr22	39407390	0000010111	0001111111
chr22	44511608	0000010111	0000010111
chr22	20062782	0010100000	0010100000
chr22	45140591	0011101100	0011101100
chr22	16661856	1111111110	1111111111
chr22	16874804	1111111110	1111111111
chr22	16898726	1111111110	1111111111
chr22	16952978	1111111110	1111111111
chr22	16955471	1111111110	1111111111
chr22	17037188	1111111110	1111111111
chr22	18725820	1111111110	1111111111
chr22	18752095	1111111110	1111111111
chr22	18752106	1111111110	1111111111
chr22	18769454	1111111110	1111111111
chr22	18787128	1111111110	1111111111
chr22	18789625	1111111110	1111111111
chr22	18843741	1111111110	1111111111
chr22	20298581	1111111110	1111111111
chr22	21735049	1111111110	1111111111
chr22	23658094	1111111110	1111111111
chr22	32690526	1111111110	1111111111
chr22	39386819	1111111110	1111111111
chr22	42897553	1111111110	1111111111
chr22	51118478	1111111110	1111111111
chr22	51215028	1111111110	1111111111
chr22	51241348	1111111110	1111111111
chr22	16237555	1111111110	1111111110
chr22	16362329	0001111110	0001111111
chr22	17989453	0001111110	0001111111
chr22	19427555	0001111110	0001111111
chr22	21354377	0001111110	0001111111
chr22	21359302	0001111110	0001111111
chr22	22524677	0001111110	0001111111
chr22	22935030	0001111110	0001111111
chr22	22940556	0001111110	0001111111
chr22	23002856	0001111110	0001111111
chr22	23818328	0001111110	0001111111
chr22	23908978	0001111110	0001111111
chr22	25391456	0001111110	0001111111
chr22	26468725	0001111110	0001111111
chr22	26487663	0001111110	0001111111
chr22	26708293	0001111110	0001111111
chr22	26860348	0001111110	0001111111
chr22	27083577	0001111110	0001111111
chr22	27749773	0001111110	0001111111
chr22	27844474	0001111110	0001111111
chr22	28378280	0001111110	0001111111
chr22	28378317	0001111110	0001111111
chr22	28594930	0001111110	0001111111
chr22	28759600	0001111110	0001111111
chr22	28815631	0001111110	0001111111
chr22	29143446	0001111110	0001111111
chr22	29347353	0001111110	0001111111
chr22	29636547	0001111110	0001111111
chr22	30843762	0001111110	0001111111
chr22	31347295	0001111110	0001111111
chr22	31872266	0001111110	0001111111
chr22	32470768	0001111110	0001111111
chr22	33174885	0001111110	0001111111
chr22	34067060	0001111110	0001111111
chr22	34100173	0001111110	0001111111
chr22	34358563	0001111110	0001111111
chr22	35633377	0001111110	0001111111
chr22	36146591	0001111110	0001111111
chr22	36415047	0001111110	0001111111
chr22	36978300	0001111110	0001111111
chr22	37295161	0001111110	0001111111
chr22	37338283	0001111110	0001111111
chr22	38784443	0001111110	0001111111
chr22	39370908	0001111110	0001111111
chr22	39626087	0001111110	0001111111
chr22	39688567	0001111110	0001111111
chr22	39895886	0001111110	0001111111
chr22	40646771	0001111110	0001111111
chr22	41511287	0001111110	0001111111
chr22	41864353	0001111110	0001111111
chr22	43219792	0001111110	0001111111
chr22	43390680	0001111110	0001111111
chr22	44737600	0001111110	0001111111
chr22	45006211	0001111110	0001111111
chr22	46495600	0001111110	0001111111
chr22	47438939	0001111110	0001111111
chr22	48415580	0001111110	0001111111
chr22	49014467	0001111110	0001111111
chr22	49443551	0001111110	0001111111
chr22	49574927	0001111110	0001111111
chr22	49584567	0001111110	0001111111
chr22	49714358	0001111110	0001111111
chr22	50344213	0001111110	0001111111
chr22	43916968	0001111110	0001111110
chr22	16378364	0001011111	0001111111
chr22	17088468	0001011111	0001111111
chr22	17154206	0001011111	0001111111
chr22	17233611	0001011111	0001111111
chr22	17293316	0001011111	0001111111
chr22	17546491	0001011111	0001111111
chr22	18471513	0001011111	0001111111
chr22	18727946	0001011111	0001111111
chr22	18795067	0001011111	0001111111
chr22	19375431	0001011111	0001111111
chr22	19820513	0001011111	0001111111
chr22	20775690	0001011111	0001111111
chr22	21055349	0001011111	0001111111
chr22	22212082	0001011111	0001111111
chr22	23059673	0001011111	0001111111
chr22	23187771	0001011111	0001111111
chr22	23240634	0001011111	0001111111
chr22	23472019	0001011111	0001111111
chr22	23614337	0001011111	0001111111
chr22	23762102	0001011111	0001111111
chr22	23946082	0001011111	0001111111
chr22	24180422	0001011111	0001111111
chr22	25064009	0001011111	0001111111
chr22	25101045	0001011111	0001111111
chr22	25470313	0001011111	0001111111
chr22	25852857	0001011111	0001111111
chr22	25961134	0001011111	0001111111
chr22	27545356	0001011111	0001111111
chr22	27648797	0001011111	0001111111
chr22	27975711	0001011111	0001111111
chr22	28479830	0001011111	0001111111
chr22	28696040	0001011111	0001111111
chr22	29551952	0001011111	0001111111
chr22	29670815	0001011111	0001111111
chr22	30121836	0001011111	0001111111
chr22	30744971	0001011111	0001111111
chr22	30842097	0001011111	0001111111
chr22	31113442	0001011111	0001111111
chr22	31563099	0001011111	0001111111
chr22	32158321	0001011111	0001111111
chr22	33648946	0001011111	0001111111
chr22	34558316	0001011111	0001111111
chr22	34991740	0001011111	0001111111
chr22	36576751	0001011111	0001111111
chr22	36780131	0001011111	0001111111
chr22	37053770	0001011111	0001111111
chr22	37341247	0001011111	0001111111
chr22	37892610	0001011111	0001111111
chr22	38924398	0001011111	0001111111
chr22	39157414	0001011111	0001111111
chr22	40069233	0001011111	0001111111
chr22	40152907	0001011111	0001111111
chr22	40240938	0001011111	0001111111
chr22	40473013	0001011111	0001111111
chr22	41191799	0001011111	0001111111
chr22	41675288	0001011111	0001111111
chr22	42036604	0001011111	0001111111
chr22	42137742	0001011111	0001111111
chr22	42163853	0001011111	0001111111
chr22	43462447	0001011111	0001111111
chr22	44182787	0001011111	0001111111
chr22	44428392	0001011111	0001111111
chr22	44825523	0001011111	0001111111
chr22	45199073	0001011111	0001111111
chr22	46155689	0001011111	0001111111
chr22	46581438	0001011111	0001111111
chr22	46975022	0001011111	0001111111
chr22	47060985	0001011111	0001111111
chr22	47686428	0001011111	0001111111
chr22	47990393	0001011111	0001111111
chr22	48603508	0001011111	0001111111
chr22	48644485	0001011111	0001111111
chr22	48797402	0001011111	0001111111
chr22	49718681	0001011111	0001111111
chr22	50764018	0001011111	0001111111
chr22	51104689	0001011111	0001111111
chr22	21639578	0001011111	0001011111
chr22	26823464	1000100111	1000100111
chr22	21572850	0001011110	0001111111
chr22	32660246	0001011110	0001111111
chr22	33464780	0001011110	0001111111
chr22	34978594	0001011110	0001111111
chr22	37360147	0001011110	0001111111
chr22	44644070	0001011110	0001111111
chr22	44894977	0001011110	0001111111
chr22	45498249	0001011110	0001111111
chr22	46042338	0001011110	0001111111
chr22	48248361	0001011110	0001111111
chr22	25002815	0010010101	0010010101
chr22	16941074	1110110111	1111111111
chr22	16990420	1110110111	1111111111
chr22	20346278	1110110111	1111111111
chr22	16220621	0001101110	0001111111
chr22	18549719	0001101110	0001111111
chr22	24445153	0001101110	0001111111
chr22	25041136	0001101110	0001111111
chr22	39730891	0001101110	0001111111
chr22	43629015	0001101110	0001111111
chr22	44181108	0001101110	0001111111
chr22	45791402	0001101110	0001111111
chr22	49646914	0001101110	0001111111
chr22	16866130	0001101111	0001111111
chr22	17707207	0001101111	0001111111
chr22	18001226	0001101111	0001111111
chr22	18206740	0001101111	0001111111
chr22	19378079	0001101111	0001111111
chr22	19841981	0001101111	0001111111
chr22	21018790	0001101111	0001111111
chr22	21071041	0001101111	0001111111
chr22	21907945	0001101111	0001111111
chr22	22155915	0001101111	0001111111
chr22	22264678	0001101111	0001111111
chr22	22303255	0001101111	0001111111
chr22	22364856	0001101111	0001111111
chr22	22460981	0001101111	0001111111
chr22	22824526	0001101111	0001111111
chr22	23388098	0001101111	0001111111
chr22	23412749	0001101111	0001111111
chr22	24364174	0001101111	0001111111
chr22	25293925	0001101111	0001111111
chr22	25514693	0001101111	0001111111
chr22	27131468	0001101111	0001111111
chr22	27325931	0001101111	0001111111
chr22	27374117	0001101111	0001111111
chr22	27776169	0001101111	0001111111
chr22	29700936	0001101111	0001111111
chr22	29770133	0001101111	0001111111
chr22	30089817	0001101111	0001111111
chr22	30579650	0001101111	0001111111
chr22	30663257	0001101111	0001111111
chr22	31186199	0001101111	0001111111
chr22	31526095	0001101111	0001111111
chr22	32430913	0001101111	0001111111
chr22	32575359	0001101111	0001111111
chr22	33181156	0001101111	0001111111
chr22	33305981	0001101111	0001111111
chr22	33386600	0001101111	0001111111
chr22	33391058	0001101111	0001111111
chr22	33905371	0001101111	0001111111
chr22	34239994	0001101111	0001111111
chr22	34400796	0001101111	0001111111
chr22	34928450	0001101111	0001111111
chr22	35523759	0001101111	0001111111
chr22	35767901	0001101111	0001111111
chr22	37224677	0001101111	0001111111
chr22	37230939	0001101111	0001111111
chr22	38034752	0001101111	0001111111
chr22	38038512	0001101111	0001111111
chr22	38145377	0001101111	0001111111
chr22	38174849	0001101111	0001111111
chr22	38418770	0001101111	0001111111
chr22	38555134	0001101111	0001111111
chr22	39398656	0001101111	0001111111
chr22	40698078	0001101111	0001111111
chr22	40769413	0001101111	0001111111
chr22	41163833	0001101111	0001111111
chr22	41639334	0001101111	0001111111
chr22	41852826	0001101111	0001111111
chr22	41960214	0001101111	0001111111
chr22	42071921	0001101111	0001111111
chr22	42387249	0001101111	0001111111
chr22	44869914	0001101111	0001111111
chr22	44936792	0001101111	0001111111
chr22	45119395	0001101111	0001111111
chr22	45725177	0001101111	0001111111
chr22	46324366	0001101111	0001111111
chr22	46441813	0001101111	0001111111
chr22	46748689	0001101111	0001111111
chr22	46882089	0001101111	0001111111
chr22	47832967	0001101111	0001111111
chr22	49130717	0001101111	0001111111
chr22	49413852	0001101111	0001111111
chr22	21548497	1011110011	1111111111
chr22	50830787	0000010100	0000010100
chr22	16647946	1111111101	1111111111
chr22	16661840	1111111101	1111111111
chr22	19684423	1111111101	1111111111
chr22	20640732	1111111101	1111111111
chr22	25642250	1111111101	1111111111
chr22	36131220	1111111101	1111111111
chr22	16205497	1111011110	1111111111
chr22	16346070	1111011110	1111111111
chr22	42963183	1111011110	1111111111
chr22	27611934	0000001101	0000001101
chr22	17046831	0001111100	0001111111
chr22	24948138	0001111100	0001111111
chr22	33403464	0001111100	0001111111
chr22	40341205	0001111100	0001111111
chr22	41346672	0001111100	0001111111
chr22	49912592	0001111100	0001111111
chr22	16231031	0001111101	0001111111
chr22	17069824	0001111101	0001111111
chr22	17205988	0001111101	0001111111
chr22	17537881	0001111101	0001111111
chr22	18423832	0001111101	0001111111
chr22	19819330	0001111101	0001111111
chr22	19827398	0001111101	0001111111
chr22	19840144	0001111101	0001111111
chr22	20902603	0001111101	0001111111
chr22	21085887	0001111101	0001111111
chr22	22978472	0001111101	0001111111
chr22	22999373	0001111101	0001111111
chr22	23018257	0001111101	0001111111
chr22	23408887	0001111101	0001111111
chr22	23746770	0001111101	0001111111
chr22	24148486	0001111101	0001111111
chr22	24352986	0001111101	0001111111
chr22	24583055	0001111101	0001111111
chr22	24831675	0001111101	0001111111
chr22	25191781	0001111101	0001111111
chr22	26353786	0001111101	0001111111
chr22	28280081	0001111101	0001111111
chr22	29041022	0001111101	0001111111
chr22	29246048	0001111101	0001111111
chr22	29796610	0001111101	0001111111
chr22	29977651	0001111101	0001111111
chr22	30080865	0001111101	0001111111
chr22	30632288	0001111101	0001111111
chr22	31163244	0001111101	0001111111
chr22	31433040	0001111101	0001111111
chr22	31835448	0001111101	0001111111
chr22	32626430	0001111101	0001111111
chr22	33238666	0001111101	0001111111
chr22	33285653	0001111101	0001111111
chr22	35377872	0001111101	0001111111
chr22	35887148	0001111101	0001111111
chr22	36482224	0001111101	0001111111
chr22	36982581	0001111101	0001111111
chr22	37518651	0001111101	0001111111
chr22	37520310	0001111101	0001111111
chr22	37843823	0001111101	0001111111
chr22	37876437	0001111101	0001111111
chr22	37898401	0001111101	0001111111
chr22	39225221	0001111101	0001111111
chr22	39358370	0001111101	0001111111
chr22	40040401	0001111101	0001111111
chr22	40201193	0001111101	0001111111
chr22	40732100	0001111101	0001111111
chr22	40788858	0001111101	0001111111
chr22	41043384	0001111101	0001111111
chr22	41841204	0001111101	0001111111
chr22	43634054	0001111101	0001111111
chr22	44022690	0001111101	0001111111
chr22	44166260	0001111101	0001111111
chr22	46289005	0001111101	0001111111
chr22	47529300	0001111101	0001111111
chr22	48115311	0001111101	0001111111
chr22	48642188	0001111101	0001111111
chr22	49635214	0001111101	0001111111
chr22	50883100	0001111101	0001111111
chr22	16114337	1111011111	1111111111
chr22	16956445	1111011111	1111111111
chr22	20324038	1111011111	1111111111
chr22	21586643	1111011111	1111111111
chr22	22309730	1111011111	1111111111
chr22	22624693	1111011111	1111111111
chr22	23680589	1111011111	1111111111
chr22	24655282	1111011111	1111111111
chr22	25065777	1111011111	1111111111
chr22	45724050	1111011111	1111111111
chr22	47000866	1111011111	1111111111
chr22	49122311	1111011111	1111111111
chr22	16538427	1111011111	1111011111
chr22	18089257	1111011111	1111011111
SUBPOPULATION MOVEMENTS
-----
chr22	16895082	0001100000	0001100001
chr22	17774534	0001100000	0001100001
chr22	17817016	0001100000	0001100001
chr22	17843941	0001100000	0001100001
chr22	18118389	0001100000	0001100001
chr22	18271795	0001100000	0001100001
chr22	18292599	0001100000	0001100001
chr22	18318142	0001100000	0001100001
chr22	19019015	0001100000	0001100001
chr22	19053011	0001100000	0001100001
chr22	19059188	0001100000	0001100001
chr22	19094167	0001100000	0001100001
chr22	19166800	0001100000	0001100001
chr22	19362188	0001100000	0001100001
chr22	19373638	0001100000	0001100001
chr22	19664783	0001100000	0001100001
chr22	19831256	0001100000	0001100001
chr22	19869517	0001100000	0001100001
chr22	19984077	0001100000	0001100001
chr22	20005190	0001100000	0001100001
chr22	20042007	0001100000	0001100001
chr22	20236211	0001100000	0001100001
chr22	20269382	0001100000	0001100001
chr22	20733150	0001100000	0001100001
chr22	20995694	0001100000	0001100001
chr22	21093951	0001100000	0001100001
chr22	21168786	0001100000	0001100001
chr22	21298405	0001100000	0001100001
chr22	21384040	0001100000	0001100001
chr22	21399368	0001100000	0001100001
chr22	21434051	0001100000	0001100001
chr22	21944076	0001100000	0001100001
chr22	22025260	0001100000	0001100001
chr22	22071243	0001100000	0001100001
chr22	22204618	0001100000	0001100001
chr22	22212640	0001100000	0001100001
chr22	22213110	0001100000	0001100001
chr22	22243820	0001100000	0001100001
chr22	22482115	0001100000	0001100001
chr22	22602439	0001100000	0001100001
chr22	22827928	0001100000	0001100001
chr22	22837125	0001100000	0001100001
chr22	23076485	0001100000	0001100001
chr22	23200239	0001100000	0001100001
chr22	23308472	0001100000	0001100001
chr22	23313139	0001100000	0001100001
chr22	23459918	0001100000	0001100001
chr22	23551888	0001100000	0001100001
chr22	23692348	0001100000	0001100001
chr22	23692697	0001100000	0001100001
chr22	23756692	0001100000	0001100001
chr22	24175128	0001100000	0001100001
chr22	24411470	0001100000	0001100001
chr22	24518685	0001100000	0001100001
chr22	24694400	0001100000	0001100001
chr22	24737355	0001100000	0001100001
chr22	24746814	0001100000	0001100001
chr22	24833070	0001100000	0001100001
chr22	24890879	0001100000	0001100001
chr22	24922689	0001100000	0001100001
chr22	24942186	0001100000	0001100001
chr22	25364493	0001100000	0001100001
chr22	25485020	0001100000	0001100001
chr22	25500120	0001100000	0001100001
chr22	25601461	0001100000	0001100001
chr22	25797757	0001100000	0001100001
chr22	25813833	0001100000	0001100001
chr22	25856539	0001100000	0001100001
chr22	26206687	0001100000	0001100001
chr22	26402284	0001100000	0001100001
chr22	26467089	0001100000	0001100001
chr22	26472346	0001100000	0001100001
chr22	26494976	0001100000	0001100001
chr22	26499940	0001100000	0001100001
chr22	26658274	0001100000	0001100001
chr22	26663951	0001100000	0001100001
chr22	26676672	0001100000	0001100001
chr22	26850087	0001100000	0001100001
chr22	27166766	0001100000	0001100001
chr22	27177928	0001100000	0001100001
chr22	27241772	0001100000	0001100001
chr22	27256622	0001100000	0001100001
chr22	27343643	0001100000	0001100001
chr22	27407466	0001100000	0001100001
chr22	27499397	0001100000	0001100001
chr22	27644557	0001100000	0001100001
chr22	27675003	0001100000	0001100001
chr22	28099591	0001100000	0001100001
chr22	28128301	0001100000	0001100001
chr22	28255401	0001100000	0001100001
chr22	28262919	0001100000	0001100001
chr22	28304283	0001100000	0001100001
chr22	28342779	0001100000	0001100001
chr22	28611858	0001100000	0001100001
chr22	28613313	0001100000	0001100001
chr22	28638950	0001100000	0001100001
chr22	28865453	0001100000	0001100001
chr22	28921819	0001100000	0001100001
chr22	28961515	0001100000	0001100001
chr22	29051215	0001100000	0001100001
chr22	29388100	0001100000	0001100001
chr22	29393488	0001100000	0001100001
chr22	29441903	0001100000	0001100001
chr22	29489428	0001100000	0001100001
chr22	29489922	0001100000	0001100001
chr22	29547201	0001100000	0001100001
chr22	29555160	0001100000	0001100001
chr22	29621018	0001100000	0001100001
chr22	29789351	0001100000	0001100001
chr22	30137021	0001100000	0001100001
chr22	30177229	0001100000	0001100001
chr22	30290155	0001100000	0001100001
chr22	30450356	0001100000	0001100001
chr22	30523529	0001100000	0001100001
chr22	30704080	0001100000	0001100001
chr22	30795598	0001100000	0001100001
chr22	30838366	0001100000	0001100001
chr22	31007308	0001100000	0001100001
chr22	31097249	0001100000	0001100001
chr22	31275304	0001100000	0001100001
chr22	31498171	0001100000	0001100001
chr22	31534602	0001100000	0001100001
chr22	31594913	0001100000	0001100001
chr22	31653395	0001100000	0001100001
chr22	31819966	0001100000	0001100001
chr22	31894263	0001100000	0001100001
chr22	31977662	0001100000	0001100001
chr22	32051742	0001100000	0001100001
chr22	32252409	0001100000	0001100001
chr22	32261184	0001100000	0001100001
chr22	32270584	0001100000	0001100001
chr22	32403163	0001100000	0001100001
chr22	32462620	0001100000	0001100001
chr22	32611130	0001100000	0001100001
chr22	32653974	0001100000	0001100001
chr22	32710207	0001100000	0001100001
chr22	32722930	0001100000	0001100001
chr22	33076729	0001100000	0001100001
chr22	33121695	0001100000	0001100001
chr22	33499356	0001100000	0001100001
chr22	33645043	0001100000	0001100001
chr22	33714077	0001100000	0001100001
chr22	33876722	0001100000	0001100001
chr22	33947236	0001100000	0001100001
chr22	34010576	0001100000	0001100001
chr22	34214114	0001100000	0001100001
chr22	34242685	0001100000	0001100001
chr22	34492182	0001100000	0001100001
chr22	34598460	0001100000	0001100001
chr22	34716262	0001100000	0001100001
chr22	34746690	0001100000	0001100001
chr22	34766198	0001100000	0001100001
chr22	34790231	0001100000	0001100001
chr22	34999275	0001100000	0001100001
chr22	35036745	0001100000	0001100001
chr22	35149838	0001100000	0001100001
chr22	35203228	0001100000	0001100001
chr22	35295929	0001100000	0001100001
chr22	35518708	0001100000	0001100001
chr22	35535967	0001100000	0001100001
chr22	35657411	0001100000	0001100001
chr22	35715491	0001100000	0001100001
chr22	35827571	0001100000	0001100001
chr22	35950299	0001100000	0001100001
chr22	36089731	0001100000	0001100001
chr22	36173172	0001100000	0001100001
chr22	36525060	0001100000	0001100001
chr22	36728731	0001100000	0001100001
chr22	36814414	0001100000	0001100001
chr22	36819371	0001100000	0001100001
chr22	36837809	0001100000	0001100001
chr22	37003496	0001100000	0001100001
chr22	37146328	0001100000	0001100001
chr22	37239945	0001100000	0001100001
chr22	37371687	0001100000	0001100001
chr22	37420041	0001100000	0001100001
chr22	37567892	0001100000	0001100001
chr22	37641936	0001100000	0001100001
chr22	37666485	0001100000	0001100001
chr22	37708866	0001100000	0001100001
chr22	37756881	0001100000	0001100001
chr22	37773820	0001100000	0001100001
chr22	37820553	0001100000	0001100001
chr22	38187022	0001100000	0001100001
chr22	38315737	0001100000	0001100001
chr22	38376459	0001100000	0001100001
chr22	38379776	0001100000	0001100001
chr22	38411441	0001100000	0001100001
chr22	38413846	0001100000	0001100001
chr22	38426210	0001100000	0001100001
chr22	38433714	0001100000	0001100001
chr22	38479375	0001100000	0001100001
chr22	38688360	0001100000	0001100001
chr22	38705329	0001100000	0001100001
chr22	38882900	0001100000	0001100001
chr22	39060455	0001100000	0001100001
chr22	39097909	0001100000	0001100001
chr22	39186694	0001100000	0001100001
chr22	39284486	0001100000	0001100001
chr22	39511191	0001100000	0001100001
chr22	39674346	0001100000	0001100001
chr22	39992831	0001100000	0001100001
chr22	40035930	0001100000	0001100001
chr22	40083131	0001100000	0001100001
chr22	40155086	0001100000	0001100001
chr22	40191618	0001100000	0001100001
chr22	40215660	0001100000	0001100001
chr22	40224641	0001100000	0001100001
chr22	40247278	0001100000	0001100001
chr22	40267927	0001100000	0001100001
chr22	40383870	0001100000	0001100001
chr22	40583246	0001100000	0001100001
chr22	41115864	0001100000	0001100001
chr22	41126487	0001100000	0001100001
chr22	41164580	0001100000	0001100001
chr22	41203901	0001100000	0001100001
chr22	41245522	0001100000	0001100001
chr22	41310828	0001100000	0001100001
chr22	41377631	0001100000	0001100001
chr22	41389431	0001100000	0001100001
chr22	41533697	0001100000	0001100001
chr22	41618676	0001100000	0001100001
chr22	41649889	0001100000	0001100001
chr22	41759203	0001100000	0001100001
chr22	41996391	0001100000	0001100001
chr22	42007714	0001100000	0001100001
chr22	42087055	0001100000	0001100001
chr22	42211727	0001100000	0001100001
chr22	42266411	0001100000	0001100001
chr22	42479767	0001100000	0001100001
chr22	42502828	0001100000	0001100001
chr22	42613457	0001100000	0001100001
chr22	42638562	0001100000	0001100001
chr22	42809931	0001100000	0001100001
chr22	42864511	0001100000	0001100001
chr22	42876577	0001100000	0001100001
chr22	42973499	0001100000	0001100001
chr22	43352138	0001100000	0001100001
chr22	43720196	0001100000	0001100001
chr22	43805788	0001100000	0001100001
chr22	44256739	0001100000	0001100001
chr22	44381384	0001100000	0001100001
chr22	44424139	0001100000	0001100001
chr22	44616895	0001100000	0001100001
chr22	44906028	0001100000	0001100001
chr22	44934407	0001100000	0001100001
chr22	44942765	0001100000	0001100001
chr22	44967212	0001100000	0001100001
chr22	45231149	0001100000	0001100001
chr22	45369657	0001100000	0001100001
chr22	45648118	0001100000	0001100001
chr22	45967415	0001100000	0001100001
chr22	46068256	0001100000	0001100001
chr22	46121050	0001100000	0001100001
chr22	46192106	0001100000	0001100001
chr22	46323200	0001100000	0001100001
chr22	46337331	0001100000	0001100001
chr22	46407216	0001100000	0001100001
chr22	46409469	0001100000	0001100001
chr22	46456853	0001100000	0001100001
chr22	46539001	0001100000	0001100001
chr22	46685351	0001100000	0001100001
chr22	46694604	0001100000	0001100001
chr22	46803705	0001100000	0001100001
chr22	46845866	0001100000	0001100001
chr22	47019997	0001100000	0001100001
chr22	47021338	0001100000	0001100001
chr22	47118596	0001100000	0001100001
chr22	47222591	0001100000	0001100001
chr22	47356325	0001100000	0001100001
chr22	47720213	0001100000	0001100001
chr22	48377952	0001100000	0001100001
chr22	48420631	0001100000	0001100001
chr22	48648663	0001100000	0001100001
chr22	48676480	0001100000	0001100001
chr22	48693851	0001100000	0001100001
chr22	48810939	0001100000	0001100001
chr22	49121770	0001100000	0001100001
chr22	49196736	0001100000	0001100001
chr22	49376813	0001100000	0001100001
chr22	49468560	0001100000	0001100001
chr22	49499300	0001100000	0001100001
chr22	49527072	0001100000	0001100001
chr22	49539876	0001100000	0001100001
chr22	49546300	0001100000	0001100001
chr22	49798786	0001100000	0001100001
chr22	49816325	0001100000	0001100001
chr22	50024176	0001100000	0001100001
chr22	50129388	0001100000	0001100001
chr22	50211366	0001100000	0001100001
chr22	50292892	0001100000	0001100001
chr22	50352716	0001100000	0001100001
chr22	50489957	0001100000	0001100001
chr22	50663193	0001100000	0001100001
chr22	50694923	0001100000	0001100001
chr22	50801021	0001100000	0001100001
chr22	50827827	0001100000	0001100001
chr22	50916207	0001100000	0001100001
chr22	50961841	0001100000	0001100001
chr22	51059260	0001100000	0001100001
chr22	51141255	0001100000	0001100001
chr22	51161806	0001100000	0001100001
chr22	51170107	0001100000	0001100001
chr22	16879766	0001100000	0001100000
chr22	17053296	0001100000	0001100000
chr22	17171363	0001100000	0001100000
chr22	17256757	0001100000	0001100000
chr22	17327896	0001100000	0001100000
chr22	17339557	0001100000	0001100000
chr22	17893987	0001100000	0001100000
chr22	18061076	0001100000	0001100000
chr22	18209599	0001100000	0001100000
chr22	18215572	0001100000	0001100000
chr22	18369009	0001100000	0001100000
chr22	18500062	0001100000	0001100000
chr22	18545195	0001100000	0001100000
chr22	19001588	0001100000	0001100000
chr22	19094839	0001100000	0001100000
chr22	19104468	0001100000	0001100000
chr22	19120163	0001100000	0001100000
chr22	19145118	0001100000	0001100000
chr22	19180680	0001100000	0001100000
chr22	19516559	0001100000	0001100000
chr22	19636001	0001100000	0001100000
chr22	19692895	0001100000	0001100000
chr22	19716876	0001100000	0001100000
chr22	20044172	0001100000	0001100000
chr22	20228711	0001100000	0001100000
chr22	20940296	0001100000	0001100000
chr22	20964665	0001100000	0001100000
chr22	21022145	0001100000	0001100000
chr22	21360562	0001100000	0001100000
chr22	21423179	0001100000	0001100000
chr22	21728359	0001100000	0001100000
chr22	21908648	0001100000	0001100000
chr22	21991551	0001100000	0001100000
chr22	21993734	0001100000	0001100000
chr22	22047819	0001100000	0001100000
chr22	22099565	0001100000	0001100000
chr22	22233153	0001100000	0001100000
chr22	22754652	0001100000	0001100000
chr22	22821722	0001100000	0001100000
chr22	22903625	0001100000	0001100000
chr22	23189403	0001100000	0001100000
chr22	23315115	0001100000	0001100000
chr22	23643861	0001100000	0001100000
chr22	23653404	0001100000	0001100000
chr22	23815152	0001100000	0001100000
chr22	23891634	0001100000	0001100000
chr22	24353107	0001100000	0001100000
chr22	24373526	0001100000	0001100000
chr22	24636823	0001100000	0001100000
chr22	24642086	0001100000	0001100000
chr22	24723870	0001100000	0001100000
chr22	25193976	0001100000	0001100000
chr22	25254135	0001100000	0001100000
chr22	25365398	0001100000	0001100000
chr22	25667156	0001100000	0001100000
chr22	25742360	0001100000	0001100000
chr22	25753783	0001100000	0001100000
chr22	25963605	0001100000	0001100000
chr22	25975056	0001100000	0001100000
chr22	26320138	0001100000	0001100000
chr22	26359118	0001100000	0001100000
chr22	26478102	0001100000	0001100000
chr22	26518964	0001100000	0001100000
chr22	26748025	0001100000	0001100000
chr22	26782541	0001100000	0001100000
chr22	27056776	0001100000	0001100000
chr22	27315732	0001100000	0001100000
chr22	27354485	0001100000	0001100000
chr22	27423574	0001100000	0001100000
chr22	27541509	0001100000	0001100000
chr22	27663707	0001100000	0001100000
chr22	27680088	0001100000	0001100000
chr22	27748495	0001100000	0001100000
chr22	28057760	0001100000	0001100000
chr22	28177630	0001100000	0001100000
chr22	28357027	0001100000	0001100000
chr22	28555967	0001100000	0001100000
chr22	28611747	0001100000	0001100000
chr22	28907525	0001100000	0001100000
chr22	29546265	0001100000	0001100000
chr22	29639899	0001100000	0001100000
chr22	29717699	0001100000	0001100000
chr22	29808856	0001100000	0001100000
chr22	29816294	0001100000	0001100000
chr22	30060738	0001100000	0001100000
chr22	30073126	0001100000	0001100000
chr22	30465822	0001100000	0001100000
chr22	30484346	0001100000	0001100000
chr22	30539580	0001100000	0001100000
chr22	30859045	0001100000	0001100000
chr22	30956309	0001100000	0001100000
chr22	31045201	0001100000	0001100000
chr22	31105437	0001100000	0001100000
chr22	31314082	0001100000	0001100000
chr22	31361015	0001100000	0001100000
chr22	31607429	0001100000	0001100000
chr22	32096774	0001100000	0001100000
chr22	32104407	0001100000	0001100000
chr22	32140010	0001100000	0001100000
chr22	32451980	0001100000	0001100000
chr22	32486792	0001100000	0001100000
chr22	32555365	0001100000	0001100000
chr22	32623335	0001100000	0001100000
chr22	32891546	0001100000	0001100000
chr22	32926281	0001100000	0001100000
chr22	33546935	0001100000	0001100000
chr22	33682348	0001100000	0001100000
chr22	33745310	0001100000	0001100000
chr22	34079443	0001100000	0001100000
chr22	34174426	0001100000	0001100000
chr22	34302712	0001100000	0001100000
chr22	34628245	0001100000	0001100000
chr22	34647218	0001100000	0001100000
chr22	35194924	0001100000	0001100000
chr22	35226137	0001100000	0001100000
chr22	35453439	0001100000	0001100000
chr22	35458005	0001100000	0001100000
chr22	35562642	0001100000	0001100000
chr22	35796794	0001100000	0001100000
chr22	35797805	0001100000	0001100000
chr22	35819776	0001100000	0001100000
chr22	35885204	0001100000	0001100000
chr22	35920706	0001100000	0001100000
chr22	35932436	0001100000	0001100000
chr22	35998453	0001100000	0001100000
chr22	36011752	0001100000	0001100000
chr22	36090354	0001100000	0001100000
chr22	36184860	0001100000	0001100000
chr22	36672761	0001100000	0001100000
chr22	36679414	0001100000	0001100000
chr22	36718544	0001100000	0001100000
chr22	36718662	0001100000	0001100000
chr22	36752123	0001100000	0001100000
chr22	36794751	0001100000	0001100000
chr22	36886137	0001100000	0001100000
chr22	36968520	0001100000	0001100000
chr22	37314489	0001100000	0001100000
chr22	37775784	0001100000	0001100000
chr22	37816317	0001100000	0001100000
chr22	37860865	0001100000	0001100000
chr22	37925094	0001100000	0001100000
chr22	38241884	0001100000	0001100000
chr22	38394721	0001100000	0001100000
chr22	38408439	0001100000	0001100000
chr22	38451793	0001100000	0001100000
chr22	38504760	0001100000	0001100000
chr22	38638404	0001100000	0001100000
chr22	38688523	0001100000	0001100000
chr22	38823123	0001100000	0001100000
chr22	38841699	0001100000	0001100000
chr22	39211507	0001100000	0001100000
chr22	39359862	0001100000	0001100000
chr22	39420697	0001100000	0001100000
chr22	39441657	0001100000	0001100000
chr22	39511592	0001100000	0001100000
chr22	39882900	0001100000	0001100000
chr22	39980225	0001100000	0001100000
chr22	39982198	0001100000	0001100000
chr22	40122205	0001100000	0001100000
chr22	40418821	0001100000	0001100000
chr22	40625795	0001100000	0001100000
chr22	40675061	0001100000	0001100000
chr22	40788925	0001100000	0001100000
chr22	40917041	0001100000	0001100000
chr22	41523582	0001100000	0001100000
chr22	41674299	0001100000	0001100000
chr22	41737438	0001100000	0001100000
chr22	42071548	0001100000	0001100000
chr22	42481460	0001100000	0001100000
chr22	42626297	0001100000	0001100000
chr22	42709223	0001100000	0001100000
chr22	42756335	0001100000	0001100000
chr22	42769724	0001100000	0001100000
chr22	42838171	0001100000	0001100000
chr22	43307873	0001100000	0001100000
chr22	43318992	0001100000	0001100000
chr22	43380428	0001100000	0001100000
chr22	43578570	0001100000	0001100000
chr22	43582521	0001100000	0001100000
chr22	43619643	0001100000	0001100000
chr22	43628547	0001100000	0001100000
chr22	43875061	0001100000	0001100000
chr22	44082241	0001100000	0001100000
chr22	44360291	0001100000	0001100000
chr22	44444695	0001100000	0001100000
chr22	44795145	0001100000	0001100000
chr22	45000149	0001100000	0001100000
chr22	45134302	0001100000	0001100000
chr22	45470640	0001100000	0001100000
chr22	45479832	0001100000	0001100000
chr22	45500578	0001100000	0001100000
chr22	45595892	0001100000	0001100000
chr22	45616941	0001100000	0001100000
chr22	45833552	0001100000	0001100000
chr22	46071575	0001100000	0001100000
chr22	46374077	0001100000	0001100000
chr22	46467631	0001100000	0001100000
chr22	46468903	0001100000	0001100000
chr22	46631514	0001100000	0001100000
chr22	46714615	0001100000	0001100000
chr22	46780001	0001100000	0001100000
chr22	46876545	0001100000	0001100000
chr22	47017752	0001100000	0001100000
chr22	47120649	0001100000	0001100000
chr22	47214437	0001100000	0001100000
chr22	47300030	0001100000	0001100000
chr22	47417418	0001100000	0001100000
chr22	47456301	0001100000	0001100000
chr22	47492533	0001100000	0001100000
chr22	47569790	0001100000	0001100000
chr22	47840163	0001100000	0001100000
chr22	47914569	0001100000	0001100000
chr22	48039130	0001100000	0001100000
chr22	48265256	0001100000	0001100000
chr22	48380894	0001100000	0001100000
chr22	48401623	0001100000	0001100000
chr22	48567877	0001100000	0001100000
chr22	48616439	0001100000	0001100000
chr22	48783385	0001100000	0001100000
chr22	48901052	0001100000	0001100000
chr22	49105342	0001100000	0001100000
chr22	49160969	0001100000	0001100000
chr22	49183576	0001100000	0001100000
chr22	49198778	0001100000	0001100000
chr22	49366116	0001100000	0001100000
chr22	49658256	0001100000	0001100000
chr22	49671401	0001100000	0001100000
chr22	50048250	0001100000	0001100000
chr22	50304268	0001100000	0001100000
chr22	50525207	0001100000	0001100000
chr22	50737133	0001100000	0001100000
chr22	50747450	0001100000	0001100000
chr22	51037062	0001100000	0001100000
