-----
Chromosome	Location	Original Code	New Code
-----
chr22	16078974	101	111
chr22	16081115	101	111
chr22	16101756	101	111
chr22	16148826	101	111
chr22	16206106	101	111
chr22	16395033	101	111
chr22	16546581	101	111
chr22	16570734	101	111
chr22	16664518	101	111
chr22	16696637	101	111
chr22	16878302	101	111
chr22	16878305	101	111
chr22	16885201	101	111
chr22	16898652	101	111
chr22	16901849	101	111
chr22	16909454	101	111
chr22	16917201	101	111
chr22	16946513	101	111
chr22	16964770	101	111
chr22	16984880	101	111
chr22	16992236	101	111
chr22	17031725	101	111
chr22	17031762	101	111
chr22	17385146	101	111
chr22	18140644	101	111
chr22	18221167	101	111
chr22	18415576	101	111
chr22	18521827	101	111
chr22	18775018	101	111
chr22	18787432	101	111
chr22	18802480	101	111
chr22	19170205	101	111
chr22	19172006	101	111
chr22	19947341	101	111
chr22	20298220	101	111
chr22	20346278	101	111
chr22	20354198	101	111
chr22	20390063	101	111
chr22	21066502	101	111
chr22	21132570	101	111
chr22	21445064	101	111
chr22	21479770	101	111
chr22	21479887	101	111
chr22	21480271	101	111
chr22	21515683	101	111
chr22	21549028	101	111
chr22	21583977	101	111
chr22	21957992	101	111
chr22	22224598	101	111
chr22	22428873	101	111
chr22	22627564	101	111
chr22	22642221	101	111
chr22	22645529	101	111
chr22	22645566	101	111
chr22	22645583	101	111
chr22	22668759	101	111
chr22	23022242	101	111
chr22	23159558	101	111
chr22	23242263	101	111
chr22	23247177	101	111
chr22	23247623	101	111
chr22	23661800	101	111
chr22	23774028	101	111
chr22	24369345	101	111
chr22	24645300	101	111
chr22	25071286	101	111
chr22	25071320	101	111
chr22	25158597	101	111
chr22	25506779	101	111
chr22	25540842	101	111
chr22	25642250	101	111
chr22	25685828	101	111
chr22	25901884	101	111
chr22	26239906	101	111
chr22	27003496	101	111
chr22	27301931	101	111
chr22	28127526	101	111
chr22	28135226	101	111
chr22	29108229	101	111
chr22	30075052	101	111
chr22	30075087	101	111
chr22	30335269	101	111
chr22	30604798	101	111
chr22	31017322	101	111
chr22	31121646	101	111
chr22	31590427	101	111
chr22	31593710	101	111
chr22	31986132	101	111
chr22	32015314	101	111
chr22	32104311	101	111
chr22	32650574	101	111
chr22	32690596	101	111
chr22	32697599	101	111
chr22	32697642	101	111
chr22	32698018	101	111
chr22	32835498	101	111
chr22	33535159	101	111
chr22	34416498	101	111
chr22	34759038	101	111
chr22	34759060	101	111
chr22	34837524	101	111
chr22	35015849	101	111
chr22	35455989	101	111
chr22	36207284	101	111
chr22	36934397	101	111
chr22	36939236	101	111
chr22	37013609	101	111
chr22	37238408	101	111
chr22	37386057	101	111
chr22	37506680	101	111
chr22	37536358	101	111
chr22	38522887	101	111
chr22	38699672	101	111
chr22	38703302	101	111
chr22	38790131	101	111
chr22	39359466	101	111
chr22	39484010	101	111
chr22	39709748	101	111
chr22	40789216	101	111
chr22	41007476	101	111
chr22	41442566	101	111
chr22	41495707	101	111
chr22	41635204	101	111
chr22	42233050	101	111
chr22	42897553	101	111
chr22	42914974	101	111
chr22	42915479	101	111
chr22	42921471	101	111
chr22	43154299	101	111
chr22	43171673	101	111
chr22	43853528	101	111
chr22	43931708	101	111
chr22	44159997	101	111
chr22	44509903	101	111
chr22	44792065	101	111
chr22	44949920	101	111
chr22	45111277	101	111
chr22	45728596	101	111
chr22	46656805	101	111
chr22	47001910	101	111
chr22	47064665	101	111
chr22	47073861	101	111
chr22	47380460	101	111
chr22	48503977	101	111
chr22	48648411	101	111
chr22	48674610	101	111
chr22	49132199	101	111
chr22	49141288	101	111
chr22	49221033	101	111
chr22	49345665	101	111
chr22	50208621	101	111
chr22	50250345	101	111
chr22	50536061	101	111
chr22	50571160	101	111
chr22	50625079	101	111
chr22	16291904	101	101
chr22	16557053	101	101
chr22	17028148	101	101
chr22	18775424	101	101
chr22	18941153	101	101
chr22	19684423	101	101
chr22	20322389	101	101
chr22	20491456	101	101
chr22	22975138	101	101
chr22	24654599	101	101
chr22	34954945	101	101
chr22	43202339	101	101
chr22	44510591	101	101
chr22	51121192	101	101
chr22	16083573	011	111
chr22	16098314	011	111
chr22	16250862	011	111
chr22	16251281	011	111
chr22	16354754	011	111
chr22	16365117	011	111
chr22	16384639	011	111
chr22	16384689	011	111
chr22	16409275	011	111
chr22	16956509	011	111
chr22	17031985	011	111
chr22	20449100	011	111
chr22	20475112	011	111
chr22	21063672	011	111
chr22	21549055	011	111
chr22	21665168	011	111
chr22	25022677	011	111
chr22	28732923	011	111
chr22	32846128	011	111
chr22	43030870	011	111
chr22	45724132	011	111
chr22	49074954	011	111
chr22	49074977	011	111
chr22	49074978	011	111
chr22	49122311	011	111
chr22	34961467	011	011
