-----
Chromosome	Location	Original Code	New Code
-----
chr22	16347827	101	111
chr22	16364923	101	111
chr22	16406130	101	111
chr22	16990392	101	111
chr22	16990407	101	111
chr22	17250023	101	111
chr22	17374498	101	111
chr22	18841931	101	111
chr22	19022182	101	111
chr22	20322389	101	111
chr22	20505550	101	111
chr22	20652065	101	111
chr22	20706869	101	111
chr22	21044637	101	111
chr22	21044663	101	111
chr22	21625385	101	111
chr22	24651330	101	111
chr22	24692619	101	111
chr22	25663036	101	111
chr22	38781082	101	111
chr22	42911257	101	111
chr22	50066487	101	111
chr22	51230503	101	111
chr22	16338055	101	101
chr22	16674154	101	101
chr22	18089256	101	101
chr22	16101814	011	111
chr22	16208762	011	111
chr22	16208767	011	111
chr22	16340551	011	111
chr22	16352240	011	111
chr22	16546581	011	111
chr22	16875912	011	111
chr22	17499030	011	111
chr22	18775424	011	111
chr22	18805864	011	111
chr22	18951173	011	111
chr22	19014382	011	111
chr22	20330513	011	111
chr22	20354187	011	111
chr22	20626695	011	111
chr22	21583977	011	111
chr22	21602657	011	111
chr22	21705663	011	111
chr22	21732051	011	111
chr22	22914345	011	111
chr22	25070472	011	111
chr22	25336642	011	111
chr22	39386819	011	111
chr22	47999083	011	111
chr22	50066435	011	111
chr22	51211980	011	111
chr22	16078974	110	111
chr22	16104668	110	111
chr22	16205497	110	111
chr22	16229769	110	111
chr22	16288200	110	111
chr22	16288255	110	111
chr22	16394113	110	111
chr22	16647946	110	111
chr22	16649937	110	111
chr22	16661659	110	111
chr22	16695829	110	111
chr22	16909454	110	111
chr22	16973059	110	111
chr22	18775018	110	111
chr22	18787761	110	111
chr22	18841052	110	111
chr22	19684429	110	111
chr22	20320229	110	111
chr22	20320242	110	111
chr22	21050418	110	111
chr22	21090022	110	111
chr22	21718239	110	111
chr22	21718264	110	111
chr22	22620879	110	111
chr22	23653555	110	111
chr22	25002815	110	111
chr22	25071286	110	111
chr22	45254717	110	111
chr22	47031167	110	111
chr22	49074950	110	111
chr22	49074977	110	111
chr22	49122409	110	111
chr22	49247229	110	111
chr22	50585962	110	111
chr22	44509392	110	110
