-----
Chromosome	Location	Original Code	New Code
-----
chr22	16078893	101	111
chr22	16083573	101	111
chr22	16409806	101	111
chr22	16909454	101	111
chr22	16953044	101	111
chr22	16956445	101	111
chr22	16956957	101	111
chr22	18774869	101	111
chr22	18836515	101	111
chr22	18843741	101	111
chr22	19947359	101	111
chr22	20324038	101	111
chr22	20449100	101	111
chr22	21066942	101	111
chr22	22620879	101	111
chr22	22668885	101	111
chr22	23089339	101	111
chr22	23505804	101	111
chr22	23653189	101	111
chr22	24010403	101	111
chr22	24651330	101	111
chr22	25701126	101	111
chr22	25701127	101	111
chr22	25913027	101	111
chr22	26002137	101	111
chr22	42522498	101	111
chr22	42563529	101	111
chr22	25070472	101	101
chr22	36131201	101	101
chr22	49793383	101	101
chr22	16104288	110	111
chr22	16251281	110	111
chr22	16384639	110	111
chr22	16649937	110	111
chr22	16681678	110	111
chr22	16896267	110	111
chr22	17373956	110	111
chr22	17374498	110	111
chr22	18863520	110	111
chr22	21517491	110	111
chr22	21569167	110	111
chr22	21683529	110	111
chr22	21702020	110	111
chr22	23242288	110	111
chr22	23658094	110	111
chr22	25016121	110	111
chr22	44509843	110	111
chr22	47986036	110	111
chr22	48648081	110	111
chr22	48648411	110	111
chr22	49780974	110	111
chr22	51229495	110	111
chr22	16096159	110	110
chr22	16573733	110	110
chr22	21618989	110	110
chr22	49662219	110	110
