-----
Chromosome	Location	Original Code	New Code
-----
chr22	16104288	101	111
chr22	16338055	101	111
chr22	16347827	101	111
chr22	16411235	101	111
chr22	16647946	101	111
chr22	16696637	101	111
chr22	17005246	101	111
chr22	17373889	101	111
chr22	18843741	101	111
chr22	19022175	101	111
chr22	20298220	101	111
chr22	20298581	101	111
chr22	20320655	101	111
chr22	20486571	101	111
chr22	20491664	101	111
chr22	21049094	101	111
chr22	21050418	101	111
chr22	21486204	101	111
chr22	21665168	101	111
chr22	24652371	101	111
chr22	42905055	101	111
chr22	45140591	101	111
chr22	45280557	101	111
chr22	49036835	101	111
chr22	49074950	101	111
chr22	49074954	101	111
chr22	50084411	101	111
chr22	51121171	101	111
chr22	51220848	101	111
chr22	51227891	101	111
chr22	16412896	101	101
chr22	20502333	101	101
chr22	20856226	101	101
chr22	21584468	101	101
chr22	21665308	101	101
chr22	25336700	101	101
chr22	25336704	101	101
chr22	46312182	101	101
chr22	16213573	110	111
chr22	16223418	110	111
chr22	16517477	110	111
chr22	16973059	110	111
chr22	16990407	110	111
chr22	17374133	110	111
chr22	17374498	110	111
chr22	17499030	110	111
chr22	18655607	110	111
chr22	18774869	110	111
chr22	20291481	110	111
chr22	20626695	110	111
chr22	20706869	110	111
chr22	21624453	110	111
chr22	21635607	110	111
chr22	21718264	110	111
chr22	23653189	110	111
chr22	23653555	110	111
chr22	24660074	110	111
chr22	25048768	110	111
chr22	34795213	110	111
chr22	42898957	110	111
chr22	42911257	110	111
chr22	47000761	110	111
chr22	47000916	110	111
chr22	48648411	110	111
chr22	48978581	110	111
chr22	49074885	110	111
chr22	50253683	110	111
chr22	16681678	110	110
chr22	20679067	110	110
chr22	33000515	110	110
chr22	51229495	110	110
