-----
Chromosome	Location	Original Code	New Code
-----
chr22	16647946	101	111
chr22	16656028	101	111
chr22	18787128	101	111
chr22	20320655	101	111
chr22	20490447	101	111
chr22	20626695	101	111
chr22	21044663	101	111
chr22	21625385	101	111
chr22	23653189	101	111
chr22	23653555	101	111
chr22	23680589	101	111
chr22	24009862	101	111
chr22	24009879	101	111
chr22	24010403	101	111
chr22	24693823	101	111
chr22	25002815	101	111
chr22	38781082	101	111
chr22	42901692	101	111
chr22	49258245	101	111
chr22	16302077	101	101
chr22	49793383	101	101
chr22	16061992	110	111
chr22	16365117	110	111
chr22	16463039	110	111
chr22	16507651	110	111
chr22	16882354	110	111
chr22	16898206	110	111
chr22	16941074	110	111
chr22	16990420	110	111
chr22	17030238	110	111
chr22	17050777	110	111
chr22	17516993	110	111
chr22	18000380	110	111
chr22	18791458	110	111
chr22	19947341	110	111
chr22	19947347	110	111
chr22	20457060	110	111
chr22	20470617	110	111
chr22	20486571	110	111
chr22	20491664	110	111
chr22	20627980	110	111
chr22	21050875	110	111
chr22	21719815	110	111
chr22	23659643	110	111
chr22	24007798	110	111
chr22	24009444	110	111
chr22	24770240	110	111
chr22	25071286	110	111
chr22	25071320	110	111
chr22	42963183	110	111
chr22	42963187	110	111
chr22	43475137	110	111
chr22	45280557	110	111
chr22	48875205	110	111
chr22	48875229	110	111
chr22	16403205	110	110
chr22	18725820	110	110
chr22	21687283	110	110
chr22	21719813	110	110
chr22	23916034	110	110
