-----
Chromosome	Location	Original Code	New Code
-----
chr22	16208767	101	111
chr22	16306002	101	111
chr22	16347827	101	111
chr22	16522386	101	111
chr22	16537357	101	111
chr22	16951759	101	111
chr22	16951767	101	111
chr22	17650705	101	111
chr22	18773792	101	111
chr22	18841931	101	111
chr22	19022182	101	111
chr22	20320731	101	111
chr22	20322149	101	111
chr22	20626695	101	111
chr22	24651330	101	111
chr22	25002815	101	111
chr22	25022677	101	111
chr22	38787689	101	111
chr22	38787703	101	111
chr22	51224947	101	111
chr22	18798951	101	101
chr22	16136115	011	111
chr22	16387795	011	111
chr22	16546581	011	111
chr22	16552593	011	111
chr22	16909454	011	111
chr22	16984522	011	111
chr22	17030334	011	111
chr22	17031725	011	111
chr22	17037718	011	111
chr22	17250223	011	111
chr22	17374133	011	111
chr22	17499030	011	111
chr22	18748118	011	111
chr22	18752095	011	111
chr22	18835298	011	111
chr22	20609663	011	111
chr22	21049094	011	111
chr22	21548497	011	111
chr22	21639323	011	111
chr22	33000524	011	111
chr22	44510631	011	111
chr22	47000916	011	111
chr22	16078893	011	011
chr22	16600783	011	011
chr22	17374102	011	011
chr22	25070472	011	011
chr22	40253476	011	011
chr22	47256013	011	011
chr22	16288255	110	111
chr22	16463039	110	111
chr22	17005083	110	111
chr22	17031447	110	111
chr22	18572472	110	111
chr22	18652023	110	111
chr22	18787128	110	111
chr22	18791458	110	111
chr22	18802400	110	111
chr22	20491664	110	111
chr22	20502333	110	111
chr22	21071059	110	111
chr22	21480271	110	111
chr22	21600633	110	111
chr22	21662663	110	111
chr22	21720452	110	111
chr22	35189271	110	111
chr22	45724050	110	111
chr22	45724132	110	111
chr22	46378906	110	111
chr22	49122311	110	111
chr22	50253683	110	111
chr22	51118478	110	111
chr22	16223418	110	110
chr22	16874804	110	110
chr22	17263275	110	110
chr22	18836900	110	110
chr22	20377592	110	110
chr22	21577442	110	110
chr22	25336700	110	110
chr22	25336704	110	110
chr22	39037979	110	110
chr22	43202339	110	110
