-----
Chromosome	Location	Original Code	New Code
-----
chr22	16104668	101	111
chr22	16208756	101	111
chr22	16250790	101	111
chr22	16288255	101	111
chr22	16302297	101	111
chr22	16346553	101	111
chr22	16661659	101	111
chr22	16990392	101	111
chr22	17366493	101	111
chr22	17516984	101	111
chr22	17516993	101	111
chr22	18802480	101	111
chr22	20320655	101	111
chr22	20354198	101	111
chr22	20394502	101	111
chr22	20468502	101	111
chr22	20490194	101	111
chr22	21515683	101	111
chr22	21720452	101	111
chr22	22970974	101	111
chr22	22980270	101	111
chr22	24660074	101	111
chr22	24673494	101	111
chr22	25071320	101	111
chr22	42536211	101	111
chr22	44509392	101	111
chr22	51229495	101	111
chr22	49662074	101	101
chr22	16096159	011	111
chr22	16352240	011	111
chr22	16387131	011	111
chr22	16388943	011	111
chr22	16664499	011	111
chr22	18841637	011	111
chr22	19014545	011	111
chr22	20320242	011	111
chr22	21732051	011	111
chr22	22624693	011	111
chr22	25002815	011	111
chr22	25070472	011	111
chr22	38781082	011	111
chr22	42905055	011	111
chr22	43030870	011	111
chr22	45724132	011	111
chr22	47000916	011	111
chr22	49074954	011	111
chr22	49132199	011	111
chr22	49247229	011	111
chr22	50585962	011	111
chr22	51224899	011	111
chr22	16307624	011	011
chr22	16614145	011	011
chr22	43202339	011	011
chr22	49233160	011	011
chr22	51121171	011	011
