-----
Chromosome	Location	Original Code	New Code
-----
chr22	16208767	101	111
chr22	16365289	101	111
chr22	16661840	101	111
chr22	16695829	101	111
chr22	16874897	101	111
chr22	17499030	101	111
chr22	18831620	101	111
chr22	19684423	101	111
chr22	20375830	101	111
chr22	20486571	101	111
chr22	20727332	101	111
chr22	21038134	101	111
chr22	21570790	101	111
chr22	21600633	101	111
chr22	21718120	101	111
chr22	21718250	101	111
chr22	21819437	101	111
chr22	24009444	101	111
chr22	24010477	101	111
chr22	24014049	101	111
chr22	24651927	101	111
chr22	33000524	101	111
chr22	34955296	101	111
chr22	44509392	101	111
chr22	45280557	101	111
chr22	47000916	101	111
chr22	49006383	101	111
chr22	49662219	101	111
chr22	49696558	101	111
chr22	50253683	101	111
chr22	51123920	101	111
chr22	51220848	101	111
chr22	16476596	101	101
chr22	20062782	101	101
chr22	49696548	101	101
chr22	16061992	110	111
chr22	16083573	110	111
chr22	16152342	110	111
chr22	16306002	110	111
chr22	16354754	110	111
chr22	16533761	110	111
chr22	16973063	110	111
chr22	17030238	110	111
chr22	17031584	110	111
chr22	17251988	110	111
chr22	18774367	110	111
chr22	20320655	110	111
chr22	20394526	110	111
chr22	20652065	110	111
chr22	21050335	110	111
chr22	22620818	110	111
chr22	22643421	110	111
chr22	23681221	110	111
chr22	24652371	110	111
chr22	24770240	110	111
chr22	25697952	110	111
chr22	26002137	110	111
chr22	42963183	110	111
chr22	42963187	110	111
chr22	48648081	110	111
chr22	49074933	110	111
chr22	49074950	110	111
chr22	49074954	110	111
chr22	51118478	110	111
