-----
Chromosome	Location	Original Code	New Code
-----
chr22	16229769	101	111
chr22	16288200	101	111
chr22	16344189	101	111
chr22	16345549	101	111
chr22	18840863	101	111
chr22	18841052	101	111
chr22	20679067	101	111
chr22	21038134	101	111
chr22	21470346	101	111
chr22	21548497	101	111
chr22	24009879	101	111
chr22	24010403	101	111
chr22	24369345	101	111
chr22	47255448	101	111
chr22	47986036	101	111
chr22	49016539	101	111
chr22	49016546	101	111
chr22	49074954	101	111
chr22	49780858	101	111
chr22	50746656	101	111
chr22	20856226	101	101
chr22	24010477	101	101
chr22	32695314	101	101
chr22	35187389	101	101
chr22	49662219	101	101
chr22	16113004	110	111
chr22	16236958	110	111
chr22	16387795	110	111
chr22	16440468	110	111
chr22	16546581	110	111
chr22	16655722	110	111
chr22	16661840	110	111
chr22	16973063	110	111
chr22	16990407	110	111
chr22	18787761	110	111
chr22	18802480	110	111
chr22	18844942	110	111
chr22	20390063	110	111
chr22	20486571	110	111
chr22	20490447	110	111
chr22	21570790	110	111
chr22	21625196	110	111
chr22	21683651	110	111
chr22	22979131	110	111
chr22	24009444	110	111
chr22	25741902	110	111
chr22	43030870	110	111
chr22	44509392	110	111
chr22	45150253	110	111
chr22	45724132	110	111
chr22	48648411	110	111
chr22	48875128	110	111
chr22	49233160	110	111
chr22	49793383	110	111
chr22	50467567	110	111
chr22	51121171	110	111
chr22	51190878	110	111
chr22	16302337	110	110
chr22	45724050	110	110
