-----
Chromosome	Location	Original Code	New Code
-----
chr22	16205497	101	111
chr22	16288255	101	111
chr22	16873892	101	111
chr22	16925896	101	111
chr22	16984522	101	111
chr22	17374498	101	111
chr22	17506456	101	111
chr22	18836501	101	111
chr22	18836515	101	111
chr22	18843741	101	111
chr22	19684423	101	111
chr22	20470617	101	111
chr22	20652065	101	111
chr22	21066930	101	111
chr22	21515683	101	111
chr22	21548497	101	111
chr22	21549055	101	111
chr22	21819437	101	111
chr22	25697952	101	111
chr22	25741902	101	111
chr22	34949586	101	111
chr22	38781082	101	111
chr22	48875229	101	111
chr22	49662074	101	111
chr22	49951798	101	111
chr22	16602841	101	101
chr22	16661856	101	101
chr22	34536324	101	101
chr22	16223418	011	111
chr22	16309752	011	111
chr22	16340551	011	111
chr22	16346070	011	111
chr22	16347639	011	111
chr22	16352240	011	111
chr22	16409666	011	111
chr22	16667799	011	111
chr22	16952978	011	111
chr22	18000380	011	111
chr22	18652023	011	111
chr22	18752106	011	111
chr22	18769454	011	111
chr22	19078190	011	111
chr22	19947359	011	111
chr22	20104922	011	111
chr22	20679067	011	111
chr22	21050417	011	111
chr22	21050418	011	111
chr22	21571677	011	111
chr22	21718264	011	111
chr22	23242844	011	111
chr22	24651963	011	111
chr22	25336642	011	111
chr22	25408621	011	111
chr22	25685739	011	111
chr22	27462062	011	111
chr22	32166340	011	111
chr22	33457116	011	111
chr22	35351335	011	111
chr22	35642047	011	111
chr22	36131201	011	111
chr22	38790131	011	111
chr22	39501656	011	111
chr22	39544864	011	111
chr22	43902466	011	111
chr22	46547251	011	111
chr22	47496711	011	111
chr22	49074950	011	111
chr22	16250253	011	011
chr22	16271182	011	011
chr22	17206285	011	011
chr22	17377826	011	011
chr22	17742545	011	011
chr22	17830258	011	011
chr22	17880832	011	011
chr22	19249606	011	011
chr22	19507677	011	011
chr22	20078287	011	011
chr22	20750270	011	011
chr22	20804701	011	011
chr22	20880314	011	011
chr22	20943896	011	011
chr22	21048185	011	011
chr22	21314581	011	011
chr22	21423180	011	011
chr22	21911327	011	011
chr22	22075160	011	011
chr22	22183007	011	011
chr22	22194448	011	011
chr22	22323778	011	011
chr22	22545642	011	011
chr22	22788458	011	011
chr22	22915442	011	011
chr22	23215706	011	011
chr22	23560757	011	011
chr22	23911904	011	011
chr22	24011491	011	011
chr22	24109001	011	011
chr22	24207078	011	011
chr22	24433890	011	011
chr22	24679053	011	011
chr22	25040493	011	011
chr22	25196027	011	011
chr22	25453916	011	011
chr22	25532709	011	011
chr22	25676185	011	011
chr22	26056647	011	011
chr22	26290464	011	011
chr22	26988525	011	011
chr22	27238344	011	011
chr22	27265847	011	011
chr22	27413462	011	011
chr22	27525132	011	011
chr22	27825713	011	011
chr22	28184557	011	011
chr22	28218003	011	011
chr22	28559073	011	011
chr22	28717895	011	011
chr22	28801092	011	011
chr22	29235561	011	011
chr22	29520163	011	011
chr22	29852617	011	011
chr22	30435678	011	011
chr22	30474582	011	011
chr22	30659730	011	011
chr22	30783087	011	011
chr22	30876457	011	011
chr22	30997516	011	011
chr22	30998569	011	011
chr22	31161628	011	011
chr22	31706677	011	011
chr22	31799235	011	011
chr22	31907360	011	011
chr22	32079655	011	011
chr22	32129587	011	011
chr22	32181693	011	011
chr22	32654951	011	011
chr22	32691546	011	011
chr22	32798126	011	011
chr22	33341559	011	011
chr22	33991056	011	011
chr22	34424045	011	011
chr22	35445548	011	011
chr22	35519167	011	011
chr22	36045335	011	011
chr22	36113756	011	011
chr22	36218446	011	011
chr22	36428666	011	011
chr22	37589319	011	011
chr22	37704071	011	011
chr22	38017538	011	011
chr22	38054826	011	011
chr22	38064726	011	011
chr22	39040884	011	011
chr22	39100051	011	011
chr22	39183163	011	011
chr22	39315675	011	011
chr22	39562400	011	011
chr22	39806296	011	011
chr22	39829868	011	011
chr22	40046072	011	011
chr22	40376260	011	011
chr22	40862687	011	011
chr22	41644483	011	011
chr22	42272056	011	011
chr22	42439917	011	011
chr22	42485105	011	011
chr22	42644623	011	011
chr22	42662322	011	011
chr22	42911984	011	011
chr22	43095702	011	011
chr22	43245553	011	011
chr22	44074569	011	011
chr22	44091923	011	011
chr22	44651426	011	011
chr22	44745703	011	011
chr22	45102839	011	011
chr22	45194936	011	011
chr22	46167466	011	011
chr22	46169765	011	011
chr22	46648455	011	011
chr22	47400126	011	011
chr22	47504431	011	011
chr22	47556873	011	011
chr22	47709478	011	011
chr22	48146211	011	011
chr22	48195354	011	011
chr22	49472339	011	011
chr22	50074243	011	011
chr22	50490558	011	011
chr22	50512469	011	011
chr22	50539175	011	011
chr22	50567997	011	011
chr22	50643877	011	011
chr22	50877907	011	011
chr22	50939205	011	011
chr22	51050777	011	011
