-----
Chromosome	Location	Original Code	New Code
-----
chr22	16104668	101	111
chr22	16205497	101	111
chr22	16365289	101	111
chr22	16649937	101	111
chr22	16662102	101	111
chr22	16957145	101	111
chr22	16973059	101	111
chr22	17370093	101	111
chr22	17499512	101	111
chr22	18773549	101	111
chr22	18774367	101	111
chr22	18787128	101	111
chr22	20470617	101	111
chr22	21592544	101	111
chr22	21732051	101	111
chr22	22620837	101	111
chr22	25002815	101	111
chr22	25697952	101	111
chr22	35887894	101	111
chr22	42963187	101	111
chr22	51118478	101	111
chr22	51121104	101	111
chr22	51123920	101	111
chr22	51229495	101	111
chr22	16216924	101	101
chr22	16464716	101	101
chr22	25336700	101	101
chr22	25336704	101	101
chr22	25336718	101	101
chr22	34955700	101	101
chr22	16288255	011	111
chr22	16363961	011	111
chr22	16387795	011	111
chr22	16597156	011	111
chr22	16898206	011	111
chr22	16949175	011	111
chr22	17030334	011	111
chr22	17050777	011	111
chr22	17379547	011	111
chr22	17439382	011	111
chr22	18831620	011	111
chr22	19826278	011	111
chr22	20395033	011	111
chr22	20501608	011	111
chr22	21602657	011	111
chr22	22429900	011	111
chr22	22970974	011	111
chr22	24651927	011	111
chr22	24660074	011	111
chr22	25016442	011	111
chr22	25071286	011	111
chr22	25663036	011	111
chr22	27116066	011	111
chr22	27762098	011	111
chr22	28782450	011	111
chr22	29160774	011	111
chr22	31231522	011	111
chr22	34061869	011	111
chr22	34954945	011	111
chr22	35075395	011	111
chr22	35565491	011	111
chr22	35783548	011	111
chr22	35887883	011	111
chr22	37835846	011	111
chr22	38787689	011	111
chr22	38787703	011	111
chr22	40764204	011	111
chr22	42905055	011	111
chr22	46141290	011	111
chr22	46915971	011	111
chr22	47000761	011	111
chr22	48875205	011	111
chr22	48875229	011	111
chr22	49006383	011	111
chr22	49951798	011	111
chr22	50066487	011	111
chr22	50585962	011	111
chr22	50721277	011	111
chr22	16475835	011	011
chr22	16976154	011	011
chr22	17570120	011	011
chr22	18096851	011	011
chr22	18134609	011	011
chr22	18311963	011	011
chr22	18322794	011	011
chr22	18517196	011	011
chr22	18809712	011	011
chr22	18881323	011	011
chr22	18948776	011	011
chr22	19154865	011	011
chr22	19440036	011	011
chr22	19641983	011	011
chr22	19945795	011	011
chr22	20302563	011	011
chr22	20329440	011	011
chr22	20907542	011	011
chr22	22142442	011	011
chr22	22501557	011	011
chr22	23114292	011	011
chr22	23286492	011	011
chr22	23595939	011	011
chr22	23921150	011	011
chr22	24337180	011	011
chr22	24472973	011	011
chr22	24631182	011	011
chr22	24742329	011	011
chr22	25097009	011	011
chr22	25290536	011	011
chr22	25480564	011	011
chr22	25536779	011	011
chr22	25705454	011	011
chr22	25789258	011	011
chr22	25816176	011	011
chr22	26114539	011	011
chr22	26151638	011	011
chr22	27146841	011	011
chr22	27404054	011	011
chr22	27661336	011	011
chr22	28063373	011	011
chr22	28329763	011	011
chr22	28605496	011	011
chr22	28730162	011	011
chr22	28962362	011	011
chr22	28993329	011	011
chr22	28995326	011	011
chr22	29133055	011	011
chr22	29371476	011	011
chr22	29554768	011	011
chr22	30075990	011	011
chr22	30278630	011	011
chr22	30326750	011	011
chr22	30346784	011	011
chr22	30436064	011	011
chr22	30495429	011	011
chr22	31333604	011	011
chr22	31435867	011	011
chr22	31868398	011	011
chr22	31950352	011	011
chr22	32169498	011	011
chr22	32641412	011	011
chr22	32710253	011	011
chr22	32773506	011	011
chr22	33025542	011	011
chr22	33440774	011	011
chr22	33716856	011	011
chr22	34007674	011	011
chr22	34065737	011	011
chr22	34157628	011	011
chr22	34869627	011	011
chr22	35085025	011	011
chr22	35344312	011	011
chr22	35644512	011	011
chr22	36074677	011	011
chr22	36975742	011	011
chr22	37670254	011	011
chr22	38156167	011	011
chr22	38167527	011	011
chr22	38796604	011	011
chr22	39610231	011	011
chr22	39999924	011	011
chr22	40342484	011	011
chr22	40557332	011	011
chr22	40572221	011	011
chr22	40848358	011	011
chr22	40866140	011	011
chr22	40868505	011	011
chr22	41127133	011	011
chr22	41286476	011	011
chr22	41844794	011	011
chr22	42121709	011	011
chr22	42225917	011	011
chr22	42239198	011	011
chr22	42496934	011	011
chr22	42639427	011	011
chr22	42796889	011	011
chr22	42911257	011	011
chr22	43026603	011	011
chr22	43520883	011	011
chr22	43701974	011	011
chr22	44207706	011	011
chr22	44609504	011	011
chr22	45544577	011	011
chr22	45762004	011	011
chr22	45918418	011	011
chr22	46034419	011	011
chr22	46096479	011	011
chr22	46328563	011	011
chr22	46383178	011	011
chr22	47231914	011	011
chr22	47234919	011	011
chr22	47366208	011	011
chr22	47786624	011	011
chr22	48026689	011	011
chr22	48805179	011	011
chr22	48865365	011	011
chr22	48885564	011	011
chr22	49233160	011	011
chr22	49314805	011	011
chr22	49334669	011	011
chr22	49491136	011	011
chr22	49702302	011	011
chr22	49814541	011	011
chr22	50182557	011	011
chr22	50231091	011	011
chr22	50810442	011	011
chr22	51144756	011	011
