-----
Chromosome	Location	Original Code	New Code
-----
chr22	16210642	1101	1111
chr22	16507651	1101	1111
chr22	16593210	1101	1111
chr22	16647946	1101	1111
chr22	16661840	1101	1111
chr22	16661856	1101	1111
chr22	16953044	1101	1111
chr22	17124893	1101	1111
chr22	17585124	1101	1111
chr22	18655607	1101	1111
chr22	18748118	1101	1111
chr22	18779975	1101	1111
chr22	18780549	1101	1111
chr22	18844942	1101	1111
chr22	20652065	1101	1111
chr22	21515683	1101	1111
chr22	21571216	1101	1111
chr22	24651927	1101	1111
chr22	24651963	1101	1111
chr22	25070472	1101	1111
chr22	25071286	1101	1111
chr22	25071320	1101	1111
chr22	34950070	1101	1111
chr22	38626051	1101	1111
chr22	51118478	1101	1111
chr22	51212207	1101	1111
chr22	51227891	1101	1111
chr22	20491664	1101	1101
chr22	20502333	1101	1101
chr22	16302297	1100	1111
chr22	16902551	1100	1111
chr22	19947359	1100	1111
chr22	21625196	1100	1111
chr22	50253683	1100	1111
chr22	16113372	1110	1111
chr22	16291904	1110	1111
chr22	16347827	1110	1111
chr22	16365289	1110	1111
chr22	16579906	1110	1111
chr22	16590575	1110	1111
chr22	16590578	1110	1111
chr22	16590588	1110	1111
chr22	16956445	1110	1111
chr22	16984522	1110	1111
chr22	16990420	1110	1111
chr22	17031567	1110	1111
chr22	17031581	1110	1111
chr22	17031584	1110	1111
chr22	17373956	1110	1111
chr22	18000380	1110	1111
chr22	18752106	1110	1111
chr22	18787128	1110	1111
chr22	19947341	1110	1111
chr22	19947346	1110	1111
chr22	20298220	1110	1111
chr22	20449100	1110	1111
chr22	20457060	1110	1111
chr22	21066942	1110	1111
chr22	21693697	1110	1111
chr22	22238305	1110	1111
chr22	22642878	1110	1111
chr22	22975138	1110	1111
chr22	23669869	1110	1111
chr22	23669878	1110	1111
chr22	36131201	1110	1111
chr22	39386819	1110	1111
chr22	40934061	1110	1111
chr22	42963183	1110	1111
chr22	42963187	1110	1111
chr22	47255448	1110	1111
chr22	48648411	1110	1111
chr22	48875229	1110	1111
chr22	49249195	1110	1111
chr22	50467610	1110	1111
chr22	51229495	1110	1111
chr22	16602841	1110	1110
chr22	44509392	1110	1110
chr22	47000916	1110	1110
chr22	16260835	0101	0111
chr22	18577926	0101	0111
chr22	18891032	0101	0111
chr22	19353985	0101	0111
chr22	20470617	0101	0111
chr22	21071059	0101	0111
chr22	22938289	0101	0111
chr22	24323878	0101	0111
chr22	26341046	0101	0111
chr22	26362710	0101	0111
chr22	26946671	0101	0111
chr22	30917191	0101	0111
chr22	33956395	0101	0111
chr22	35643513	0101	0111
chr22	36681296	0101	0111
chr22	37394481	0101	0111
chr22	37863086	0101	0111
chr22	37910466	0101	0111
chr22	38296113	0101	0111
chr22	39168645	0101	0111
chr22	39605369	0101	0111
chr22	42327152	0101	0111
chr22	42525500	0101	0111
chr22	42905471	0101	0111
chr22	43591648	0101	0111
chr22	43872215	0101	0111
chr22	44143679	0101	0111
chr22	44786816	0101	0111
chr22	44892853	0101	0111
chr22	46412275	0101	0111
chr22	46668245	0101	0111
chr22	46984368	0101	0111
chr22	47370868	0101	0111
chr22	48786083	0101	0111
chr22	49185782	0101	0111
chr22	49532204	0101	0111
chr22	50477181	0101	0111
chr22	16374412	0110	0111
chr22	16671503	0110	0111
chr22	16973594	0110	0111
chr22	17100297	0110	0111
chr22	17349396	0110	0111
chr22	18147566	0110	0111
chr22	18655381	0110	0111
chr22	19278581	0110	0111
chr22	19337318	0110	0111
chr22	19684423	0110	0111
chr22	19947347	0110	0111
chr22	20712599	0110	0111
chr22	20805728	0110	0111
chr22	21096821	0110	0111
chr22	21352164	0110	0111
chr22	21447853	0110	0111
chr22	21569167	0110	0111
chr22	22585497	0110	0111
chr22	23840777	0110	0111
chr22	24624133	0110	0111
chr22	24926841	0110	0111
chr22	25574392	0110	0111
chr22	25688861	0110	0111
chr22	26843031	0110	0111
chr22	28058052	0110	0111
chr22	28082669	0110	0111
chr22	28248819	0110	0111
chr22	30120944	0110	0111
chr22	31664936	0110	0111
chr22	32281502	0110	0111
chr22	32309825	0110	0111
chr22	32393837	0110	0111
chr22	32428672	0110	0111
chr22	32552626	0110	0111
chr22	33000524	0110	0111
chr22	33012556	0110	0111
chr22	33650758	0110	0111
chr22	33854359	0110	0111
chr22	34401799	0110	0111
chr22	34853143	0110	0111
chr22	34902024	0110	0111
chr22	36723952	0110	0111
chr22	37479312	0110	0111
chr22	41320696	0110	0111
chr22	41653736	0110	0111
chr22	43105560	0110	0111
chr22	43732609	0110	0111
chr22	44337004	0110	0111
chr22	44563647	0110	0111
chr22	47742204	0110	0111
chr22	48875205	0110	0111
chr22	49249055	0110	0111
chr22	49611326	0110	0111
chr22	49688110	0110	0111
chr22	50179749	0110	0111
chr22	21063672	0110	0110
chr22	44510591	1001	1001
chr22	51123920	1001	1001
chr22	16205497	1010	1111
chr22	16288255	1010	1111
chr22	18774367	1010	1111
chr22	18791458	1010	1111
chr22	47293811	1010	1111
chr22	49074950	1010	1111
chr22	16250790	1011	1111
chr22	16340551	1011	1111
chr22	16364923	1011	1111
chr22	16951759	1011	1111
chr22	16973059	1011	1111
chr22	16990392	1011	1111
chr22	16990407	1011	1111
chr22	17373889	1011	1111
chr22	18904875	1011	1111
chr22	19022175	1011	1111
chr22	22981754	1011	1111
chr22	25022677	1011	1111
chr22	35189271	1011	1111
chr22	38781082	1011	1111
chr22	42910611	1011	1111
chr22	47000776	1011	1111
chr22	50066435	1011	1111
chr22	51211980	1011	1011
