-----
Chromosome	Location	Original Code	New Code
-----
chr22	16223418	1101	1111
chr22	16251281	1101	1111
chr22	16546581	1101	1111
chr22	16893598	1101	1111
chr22	16897762	1101	1111
chr22	16941074	1101	1111
chr22	17374133	1101	1111
chr22	18531959	1101	1111
chr22	18941153	1101	1111
chr22	19947322	1101	1111
chr22	19947341	1101	1111
chr22	20320731	1101	1111
chr22	21625196	1101	1111
chr22	22608389	1101	1111
chr22	24010477	1101	1111
chr22	25070472	1101	1111
chr22	31780625	1101	1111
chr22	36131220	1101	1111
chr22	49662219	1101	1111
chr22	51227891	1101	1111
chr22	16113372	1101	1101
chr22	16409256	1101	1101
chr22	21571677	1101	1101
chr22	25336700	1101	1101
chr22	25336704	1101	1101
chr22	41691190	1101	1101
chr22	47000776	1101	1101
chr22	17374102	1100	1111
chr22	22970974	1100	1111
chr22	49074977	1100	1111
chr22	16208756	1110	1111
chr22	16208762	1110	1111
chr22	16208767	1110	1111
chr22	16210642	1110	1111
chr22	16302077	1110	1111
chr22	16984522	1110	1111
chr22	17373956	1110	1111
chr22	17499030	1110	1111
chr22	18752095	1110	1111
chr22	18752106	1110	1111
chr22	18774367	1110	1111
chr22	18789625	1110	1111
chr22	18904875	1110	1111
chr22	21555389	1110	1111
chr22	21570790	1110	1111
chr22	21602657	1110	1111
chr22	21625385	1110	1111
chr22	22979131	1110	1111
chr22	25071320	1110	1111
chr22	32695314	1110	1111
chr22	37496460	1110	1111
chr22	43030870	1110	1111
chr22	43147121	1110	1111
chr22	44510539	1110	1111
chr22	18844942	1110	1110
chr22	21494149	1110	1110
chr22	21665308	1110	1110
chr22	16364901	0101	0111
chr22	16364923	0101	0111
chr22	16692068	0101	0111
chr22	17928737	0101	0111
chr22	18253944	0101	0111
chr22	18459105	0101	0111
chr22	19515463	0101	0111
chr22	20151838	0101	0111
chr22	20388019	0101	0111
chr22	20390063	0101	0111
chr22	20938164	0101	0111
chr22	22260597	0101	0111
chr22	23591004	0101	0111
chr22	25065795	0101	0111
chr22	25397802	0101	0111
chr22	25642251	0101	0111
chr22	26456596	0101	0111
chr22	26699431	0101	0111
chr22	28303759	0101	0111
chr22	29016750	0101	0111
chr22	29143455	0101	0111
chr22	29934810	0101	0111
chr22	30241858	0101	0111
chr22	31040910	0101	0111
chr22	31593732	0101	0111
chr22	32689299	0101	0111
chr22	34200546	0101	0111
chr22	35474682	0101	0111
chr22	36360407	0101	0111
chr22	36433002	0101	0111
chr22	37473488	0101	0111
chr22	38070205	0101	0111
chr22	39420605	0101	0111
chr22	39580759	0101	0111
chr22	39835009	0101	0111
chr22	42808537	0101	0111
chr22	42963839	0101	0111
chr22	43129118	0101	0111
chr22	43169417	0101	0111
chr22	44178323	0101	0111
chr22	44256623	0101	0111
chr22	45085715	0101	0111
chr22	45751398	0101	0111
chr22	46488512	0101	0111
chr22	46539085	0101	0111
chr22	47867987	0101	0111
chr22	48767069	0101	0111
chr22	48917253	0101	0111
chr22	16539721	0110	0111
chr22	18420401	0110	0111
chr22	18423422	0110	0111
chr22	18780549	0110	0111
chr22	18950550	0110	0111
chr22	19125330	0110	0111
chr22	19593441	0110	0111
chr22	19729531	0110	0111
chr22	20303100	0110	0111
chr22	20706869	0110	0111
chr22	20819767	0110	0111
chr22	21175307	0110	0111
chr22	21792748	0110	0111
chr22	21822211	0110	0111
chr22	21915522	0110	0111
chr22	22591803	0110	0111
chr22	23156284	0110	0111
chr22	23271442	0110	0111
chr22	24167291	0110	0111
chr22	24652371	0110	0111
chr22	24781649	0110	0111
chr22	25657694	0110	0111
chr22	26092493	0110	0111
chr22	26477786	0110	0111
chr22	27030019	0110	0111
chr22	28491020	0110	0111
chr22	28523267	0110	0111
chr22	29862534	0110	0111
chr22	30750270	0110	0111
chr22	32510171	0110	0111
chr22	32653258	0110	0111
chr22	35378333	0110	0111
chr22	38034639	0110	0111
chr22	38061439	0110	0111
chr22	38906018	0110	0111
chr22	39222000	0110	0111
chr22	40175613	0110	0111
chr22	40325224	0110	0111
chr22	40334248	0110	0111
chr22	40676230	0110	0111
chr22	42096166	0110	0111
chr22	42566756	0110	0111
chr22	44460648	0110	0111
chr22	45623816	0110	0111
chr22	45959135	0110	0111
chr22	46926356	0110	0111
chr22	46944025	0110	0111
chr22	47832490	0110	0111
chr22	48646945	0110	0111
chr22	51191483	0110	0111
chr22	49793383	0110	0110
chr22	19022175	1001	1111
chr22	50467481	1001	1111
chr22	16655722	1010	1111
chr22	23653555	1010	1111
chr22	28732923	1010	1111
chr22	29968800	1010	1010
chr22	43900746	1010	1010
chr22	16099957	1011	1111
chr22	16354754	1011	1111
chr22	16590575	1011	1111
chr22	16649937	1011	1111
chr22	17031581	1011	1111
chr22	17031584	1011	1111
chr22	18748118	1011	1111
chr22	18787761	1011	1111
chr22	20470617	1011	1111
chr22	21047880	1011	1111
chr22	21569167	1011	1111
chr22	21581864	1011	1111
chr22	21637140	1011	1111
chr22	22620818	1011	1111
chr22	24651349	1011	1111
chr22	25002815	1011	1111
chr22	25912968	1011	1111
chr22	32846128	1011	1111
chr22	42905055	1011	1111
chr22	45140591	1011	1111
chr22	47742843	1011	1111
chr22	49074885	1011	1111
chr22	49209303	1011	1111
chr22	49249195	1011	1111
chr22	49258245	1011	1111
chr22	50066487	1011	1111
chr22	20346278	1011	1011
chr22	20377592	1011	1011
