-----
Chromosome	Location	Original Code	New Code
-----
chr22	16364490	1101	1111
chr22	16507651	1101	1111
chr22	16891195	1101	1111
chr22	16990420	1101	1111
chr22	17124893	1101	1111
chr22	18789625	1101	1111
chr22	20298581	1101	1111
chr22	21480192	1101	1111
chr22	21689805	1101	1111
chr22	22970974	1101	1111
chr22	24657872	1101	1111
chr22	42536263	1101	1111
chr22	46963260	1101	1111
chr22	48875229	1101	1111
chr22	48981270	1101	1111
chr22	16451245	1101	1101
chr22	16600763	1101	1101
chr22	43202339	1101	1101
chr22	51121171	1101	1101
chr22	16061992	1110	1111
chr22	16069000	1110	1111
chr22	16210642	1110	1111
chr22	16250790	1110	1111
chr22	16406130	1110	1111
chr22	16538427	1110	1111
chr22	16649937	1110	1111
chr22	16695096	1110	1111
chr22	16973063	1110	1111
chr22	16984522	1110	1111
chr22	18787128	1110	1111
chr22	19947360	1110	1111
chr22	19947361	1110	1111
chr22	21049094	1110	1111
chr22	21050418	1110	1111
chr22	22620837	1110	1111
chr22	22624693	1110	1111
chr22	22981754	1110	1111
chr22	23686225	1110	1111
chr22	24655886	1110	1111
chr22	25070472	1110	1111
chr22	31780625	1110	1111
chr22	36534260	1110	1111
chr22	42967403	1110	1111
chr22	46378906	1110	1111
chr22	49006383	1110	1111
chr22	51118478	1110	1111
chr22	20502333	1110	1110
chr22	21483320	1110	1110
chr22	16098314	0111	1111
chr22	16161637	0111	1111
chr22	16354754	0111	1111
chr22	16557053	0111	1111
chr22	16990392	0111	1111
chr22	17374498	0111	1111
chr22	18752106	0111	1111
chr22	18843741	0111	1111
chr22	20320731	0111	1111
chr22	20627980	0111	1111
chr22	21477590	0111	1111
chr22	21718120	0111	1111
chr22	22309730	0111	1111
chr22	22991257	0111	1111
chr22	24673494	0111	1111
chr22	47000761	0111	1111
chr22	47000776	0111	1111
chr22	50585962	0111	1111
chr22	50607268	0111	1111
chr22	51227891	0111	1111
chr22	20705118	0111	0111
chr22	35888210	0111	0111
chr22	48648660	0111	0111
chr22	49016539	0111	0111
chr22	49016553	0111	0111
chr22	21625196	0101	1111
chr22	45140591	0101	1111
chr22	48648081	0101	1111
chr22	50253683	0101	1111
chr22	17373889	0101	0101
chr22	16352240	0110	1111
chr22	21066942	0110	1111
chr22	21548497	0110	1111
chr22	19947341	1001	1111
chr22	21494149	1001	1111
chr22	23680589	1001	1111
chr22	19688482	1001	1001
chr22	19688483	1001	1001
chr22	21570790	1001	1001
chr22	22914345	1001	1001
chr22	32609461	1001	1001
chr22	16345549	1010	1111
chr22	20501608	1010	1111
chr22	22979131	1010	1111
chr22	25002815	1010	1111
chr22	21718239	1010	1010
chr22	16208756	1011	1111
chr22	16208767	1011	1111
chr22	16345547	1011	1111
chr22	16409806	1011	1111
chr22	16674154	1011	1111
chr22	16914473	1011	1111
chr22	16953405	1011	1111
chr22	16956913	1011	1111
chr22	16973059	1011	1111
chr22	18748118	1011	1111
chr22	18771031	1011	1111
chr22	18780549	1011	1111
chr22	18844942	1011	1111
chr22	20471784	1011	1111
chr22	21470346	1011	1111
chr22	21600633	1011	1111
chr22	24009444	1011	1111
chr22	25022677	1011	1111
chr22	26189049	1011	1111
chr22	38787703	1011	1111
chr22	45724132	1011	1111
chr22	46312491	1011	1111
chr22	46312493	1011	1111
chr22	49249195	1011	1111
chr22	49662220	1011	1111
chr22	49951798	1011	1111
chr22	17374102	1011	1011
chr22	21684367	1011	1011
