-----
Chromosome	Location	Original Code	New Code
-----
chr22	16083573	1101	1111
chr22	16943045	1101	1111
chr22	17373956	1101	1111
chr22	17374102	1101	1111
chr22	17499030	1101	1111
chr22	18774367	1101	1111
chr22	18841052	1101	1111
chr22	20449216	1101	1111
chr22	20486571	1101	1111
chr22	21548497	1101	1111
chr22	21586643	1101	1111
chr22	21632958	1101	1111
chr22	24010477	1101	1111
chr22	25048768	1101	1111
chr22	25642250	1101	1111
chr22	35563729	1101	1111
chr22	44509903	1101	1111
chr22	49074950	1101	1111
chr22	49074954	1101	1111
chr22	50467091	1101	1111
chr22	51120335	1101	1111
chr22	16491206	1101	1101
chr22	21470346	1101	1101
chr22	45987800	1101	1101
chr22	25913027	1100	1111
chr22	50467481	1100	1111
chr22	16205497	1110	1111
chr22	16250862	1110	1111
chr22	16288255	1110	1111
chr22	16340551	1110	1111
chr22	16345547	1110	1111
chr22	16347827	1110	1111
chr22	16463039	1110	1111
chr22	16909454	1110	1111
chr22	16941074	1110	1111
chr22	17050777	1110	1111
chr22	17389922	1110	1111
chr22	18831620	1110	1111
chr22	20320229	1110	1111
chr22	20320242	1110	1111
chr22	20394526	1110	1111
chr22	20470617	1110	1111
chr22	21049094	1110	1111
chr22	21066942	1110	1111
chr22	21494149	1110	1111
chr22	21514162	1110	1111
chr22	21592770	1110	1111
chr22	21732051	1110	1111
chr22	22980352	1110	1111
chr22	24651330	1110	1111
chr22	24652371	1110	1111
chr22	35887686	1110	1111
chr22	38120041	1110	1111
chr22	42521489	1110	1111
chr22	49016539	1110	1111
chr22	51118478	1110	1111
chr22	51194679	1110	1111
chr22	51215028	1110	1111
chr22	16113372	1110	1110
chr22	16691216	1110	1110
chr22	21626227	1110	1110
chr22	25022677	1110	1110
chr22	38781082	1110	1110
chr22	16056627	0101	0111
chr22	16229769	0101	0111
chr22	17550241	0101	0111
chr22	17600451	0101	0111
chr22	18110282	0101	0111
chr22	18598405	0101	0111
chr22	18790466	0101	0111
chr22	18985755	0101	0111
chr22	19463358	0101	0111
chr22	21910106	0101	0111
chr22	22981514	0101	0111
chr22	23688571	0101	0111
chr22	25457081	0101	0111
chr22	25898191	0101	0111
chr22	26183732	0101	0111
chr22	27843859	0101	0111
chr22	27991038	0101	0111
chr22	28111779	0101	0111
chr22	28407117	0101	0111
chr22	28464773	0101	0111
chr22	30476125	0101	0111
chr22	31124588	0101	0111
chr22	31825276	0101	0111
chr22	31925495	0101	0111
chr22	32301010	0101	0111
chr22	32328475	0101	0111
chr22	34605868	0101	0111
chr22	35417178	0101	0111
chr22	35836418	0101	0111
chr22	36477136	0101	0111
chr22	36566822	0101	0111
chr22	36774314	0101	0111
chr22	36833138	0101	0111
chr22	37426687	0101	0111
chr22	38031952	0101	0111
chr22	38097170	0101	0111
chr22	38429306	0101	0111
chr22	39336249	0101	0111
chr22	39665639	0101	0111
chr22	39740222	0101	0111
chr22	39822591	0101	0111
chr22	40116893	0101	0111
chr22	40213634	0101	0111
chr22	40286303	0101	0111
chr22	41204790	0101	0111
chr22	41423222	0101	0111
chr22	41475665	0101	0111
chr22	41829526	0101	0111
chr22	42663335	0101	0111
chr22	44121286	0101	0111
chr22	45334657	0101	0111
chr22	46207820	0101	0111
chr22	47112494	0101	0111
chr22	48648411	0101	0111
chr22	17263275	0101	0101
chr22	16116159	0110	0111
chr22	16661659	0110	0111
chr22	17738377	0110	0111
chr22	18449618	0110	0111
chr22	18560488	0110	0111
chr22	19257331	0110	0111
chr22	19900178	0110	0111
chr22	21798013	0110	0111
chr22	22263580	0110	0111
chr22	24158727	0110	0111
chr22	26856926	0110	0111
chr22	27778442	0110	0111
chr22	28075318	0110	0111
chr22	28333342	0110	0111
chr22	28569726	0110	0111
chr22	29125936	0110	0111
chr22	30147767	0110	0111
chr22	30317984	0110	0111
chr22	30412547	0110	0111
chr22	30416287	0110	0111
chr22	30859641	0110	0111
chr22	34084305	0110	0111
chr22	34170488	0110	0111
chr22	34308256	0110	0111
chr22	34543521	0110	0111
chr22	34976803	0110	0111
chr22	35013783	0110	0111
chr22	35523310	0110	0111
chr22	35830874	0110	0111
chr22	36683694	0110	0111
chr22	36904490	0110	0111
chr22	40363878	0110	0111
chr22	40820199	0110	0111
chr22	41881785	0110	0111
chr22	42628015	0110	0111
chr22	43813595	0110	0111
chr22	45227014	0110	0111
chr22	47215859	0110	0111
chr22	48013087	0110	0111
chr22	49277126	0110	0111
chr22	31766341	0110	0110
chr22	16104668	1001	1111
chr22	21625196	1001	1111
chr22	48875205	1001	1111
chr22	50066435	1001	1111
chr22	51227891	1001	1111
chr22	16387795	1001	1001
chr22	25336700	1001	1001
chr22	25336704	1001	1001
chr22	18787761	1010	1111
chr22	20449100	1010	1111
chr22	25070472	1010	1111
chr22	38626051	1010	1111
chr22	49662219	1010	1010
chr22	17242044	0011	0111
chr22	18572472	0011	0111
chr22	18720895	0011	0111
chr22	18787183	0011	0111
chr22	18844726	0011	0111
chr22	19188038	0011	0111
chr22	19624117	0011	0111
chr22	20126639	0011	0111
chr22	22192370	0011	0111
chr22	22549326	0011	0111
chr22	24227204	0011	0111
chr22	24327598	0011	0111
chr22	25260330	0011	0111
chr22	25504977	0011	0111
chr22	25538823	0011	0111
chr22	28778658	0011	0111
chr22	29306549	0011	0111
chr22	29840287	0011	0111
chr22	30419837	0011	0111
chr22	30477402	0011	0111
chr22	31758412	0011	0111
chr22	32263639	0011	0111
chr22	32265923	0011	0111
chr22	32917335	0011	0111
chr22	33682770	0011	0111
chr22	33828300	0011	0111
chr22	34627330	0011	0111
chr22	34982384	0011	0111
chr22	35432906	0011	0111
chr22	36151403	0011	0111
chr22	36760353	0011	0111
chr22	36766093	0011	0111
chr22	37205232	0011	0111
chr22	37982460	0011	0111
chr22	38055734	0011	0111
chr22	38412051	0011	0111
chr22	39560776	0011	0111
chr22	39569661	0011	0111
chr22	40132586	0011	0111
chr22	40139644	0011	0111
chr22	40986061	0011	0111
chr22	42142408	0011	0111
chr22	42314799	0011	0111
chr22	43102344	0011	0111
chr22	45059659	0011	0111
chr22	45201826	0011	0111
chr22	45757172	0011	0111
chr22	46259682	0011	0111
chr22	46540536	0011	0111
chr22	47884035	0011	0111
chr22	48018803	0011	0111
chr22	48021971	0011	0111
chr22	48584972	0011	0111
chr22	48928794	0011	0111
chr22	51073904	0011	0111
chr22	16077252	1011	1111
chr22	16098314	1011	1111
chr22	16341685	1011	1111
chr22	16365117	1011	1111
chr22	16881889	1011	1111
chr22	16956445	1011	1111
chr22	17031584	1011	1111
chr22	17251988	1011	1111
chr22	18769978	1011	1111
chr22	18775424	1011	1111
chr22	20322389	1011	1111
chr22	20627265	1011	1111
chr22	21067806	1011	1111
chr22	21625385	1011	1111
chr22	21718239	1011	1111
chr22	21718264	1011	1111
chr22	45724132	1011	1111
chr22	47000776	1011	1111
chr22	49951798	1011	1111
chr22	50585962	1011	1111
chr22	16302297	1011	1011
chr22	18736464	1011	1011
chr22	18769970	1011	1011
chr22	20329415	1011	1011
