-----
Chromosome	Location	Original Code	New Code
-----
chr22	16236958	1101	1111
chr22	16251281	1101	1111
chr22	16873892	1101	1111
chr22	16952978	1101	1111
chr22	17366493	1101	1111
chr22	17374102	1101	1111
chr22	18805740	1101	1111
chr22	18831620	1101	1111
chr22	20320229	1101	1111
chr22	20322773	1101	1111
chr22	20705118	1101	1111
chr22	21505702	1101	1111
chr22	21569167	1101	1111
chr22	21570790	1101	1111
chr22	22980270	1101	1111
chr22	23680589	1101	1111
chr22	24009879	1101	1111
chr22	25642250	1101	1111
chr22	25642251	1101	1111
chr22	25673279	1101	1111
chr22	35076455	1101	1111
chr22	42977301	1101	1111
chr22	49122311	1101	1111
chr22	51210268	1101	1111
chr22	16695829	1101	1101
chr22	16208762	1100	1111
chr22	20449216	1100	1111
chr22	21732051	1100	1111
chr22	44509392	1100	1111
chr22	16078974	1110	1111
chr22	16081329	1110	1111
chr22	16208756	1110	1111
chr22	18774367	1110	1111
chr22	18787128	1110	1111
chr22	18841052	1110	1111
chr22	18843741	1110	1111
chr22	20626695	1110	1111
chr22	20718029	1110	1111
chr22	21548260	1110	1111
chr22	21665168	1110	1111
chr22	21718250	1110	1111
chr22	25048768	1110	1111
chr22	28610029	1110	1111
chr22	35563729	1110	1111
chr22	43030870	1110	1111
chr22	45280557	1110	1111
chr22	50066487	1110	1111
chr22	51220848	1110	1111
chr22	16636328	1110	1110
chr22	21470346	1110	1110
chr22	45724050	1110	1110
chr22	16061992	0111	1111
chr22	16082887	0111	1111
chr22	16210642	0111	1111
chr22	16354754	0111	1111
chr22	16364901	0111	1111
chr22	16364923	0111	1111
chr22	16365289	0111	1111
chr22	16387131	0111	1111
chr22	16546581	0111	1111
chr22	16649937	0111	1111
chr22	16874745	0111	1111
chr22	18655607	0111	1111
chr22	18730900	0111	1111
chr22	18823741	0111	1111
chr22	18940513	0111	1111
chr22	21050335	0111	1111
chr22	21548497	0111	1111
chr22	22980352	0111	1111
chr22	25022677	0111	1111
chr22	25065795	0111	1111
chr22	25663522	0111	1111
chr22	28732923	0111	1111
chr22	32846128	0111	1111
chr22	35888203	0111	1111
chr22	38787703	0111	1111
chr22	51121192	0111	1111
chr22	45724132	0111	0111
chr22	21602657	0101	1111
chr22	21819437	0101	1111
chr22	23653189	0101	1111
chr22	24656854	0101	1111
chr22	20296829	0101	0101
chr22	16345549	0110	1111
chr22	20464558	0110	0110
chr22	20652065	0110	0110
chr22	45329614	0110	0110
chr22	47293811	0110	0110
chr22	17374133	1001	1111
chr22	17374498	1001	1111
chr22	19947347	1001	1111
chr22	21066942	1001	1111
chr22	16113002	1001	1001
chr22	16113004	1001	1001
chr22	51118478	1001	1001
chr22	16302297	1010	1111
chr22	16662102	1010	1111
chr22	16984522	1010	1111
chr22	18836515	1010	1111
chr22	21071059	1010	1111
chr22	21683529	1010	1111
chr22	38781082	1010	1111
chr22	48128434	1010	1111
chr22	49951778	1010	1111
chr22	18844942	1010	1010
chr22	21515683	0011	1111
chr22	16139746	1011	1111
chr22	16250790	1011	1111
chr22	16347827	1011	1111
chr22	16352240	1011	1111
chr22	16384639	1011	1111
chr22	16647946	1011	1111
chr22	16898206	1011	1111
chr22	17250023	1011	1111
chr22	18779975	1011	1111
chr22	18789062	1011	1111
chr22	18836501	1011	1111
chr22	20320655	1011	1111
chr22	20354187	1011	1111
chr22	20449100	1011	1111
chr22	20502333	1011	1111
chr22	21520872	1011	1111
chr22	21586643	1011	1111
chr22	21720452	1011	1111
chr22	21735049	1011	1111
chr22	22668855	1011	1111
chr22	24651330	1011	1111
chr22	24651349	1011	1111
chr22	24652371	1011	1111
chr22	24655669	1011	1111
chr22	25070472	1011	1111
chr22	25663036	1011	1111
chr22	35888210	1011	1111
chr22	42963183	1011	1111
chr22	44510539	1011	1111
chr22	48648081	1011	1111
chr22	48648411	1011	1111
chr22	49074950	1011	1111
chr22	49209303	1011	1111
chr22	49258245	1011	1111
chr22	49989272	1011	1111
chr22	50066435	1011	1111
chr22	50467610	1011	1111
chr22	51123832	1011	1111
chr22	16341685	1011	1011
chr22	16959551	1011	1011
chr22	20492904	1011	1011
chr22	22979131	1011	1011
chr22	44510591	1011	1011
chr22	49122409	1011	1011
chr22	49793383	1011	1011
chr22	51224899	1011	1011
