-----
Chromosome	Location	Original Code	New Code
-----
chr22	16142365	1101	1111
chr22	16164147	1101	1111
chr22	16208756	1101	1111
chr22	16223418	1101	1111
chr22	16345547	1101	1111
chr22	16345549	1101	1111
chr22	16364901	1101	1111
chr22	16647946	1101	1111
chr22	16655722	1101	1111
chr22	16661840	1101	1111
chr22	16662102	1101	1111
chr22	16984522	1101	1111
chr22	16990392	1101	1111
chr22	16990407	1101	1111
chr22	18787761	1101	1111
chr22	18802480	1101	1111
chr22	21548497	1101	1111
chr22	21819437	1101	1111
chr22	23937263	1101	1111
chr22	23937274	1101	1111
chr22	24651330	1101	1111
chr22	25642251	1101	1111
chr22	44509163	1101	1111
chr22	45724132	1101	1111
chr22	48648081	1101	1111
chr22	49006383	1101	1111
chr22	16078974	1101	1101
chr22	16412896	1101	1101
chr22	20706869	1101	1101
chr22	49016539	1101	1101
chr22	49016553	1101	1101
chr22	49661890	1101	1101
chr22	16113004	1100	1111
chr22	23653555	1100	1111
chr22	51118478	1100	1111
chr22	16113002	1100	1100
chr22	22501557	1100	1100
chr22	50066435	1100	1100
chr22	16464716	1110	1111
chr22	16898206	1110	1111
chr22	16911182	1110	1111
chr22	16956445	1110	1111
chr22	18780549	1110	1111
chr22	18929913	1110	1111
chr22	18941153	1110	1111
chr22	19947346	1110	1111
chr22	19947347	1110	1111
chr22	20298220	1110	1111
chr22	20626695	1110	1111
chr22	21602657	1110	1111
chr22	23680589	1110	1111
chr22	25016442	1110	1111
chr22	25022677	1110	1111
chr22	28732923	1110	1111
chr22	38787703	1110	1111
chr22	47255448	1110	1111
chr22	48648411	1110	1111
chr22	49249212	1110	1111
chr22	50585962	1110	1111
chr22	16289064	1110	1110
chr22	21470346	1110	1110
chr22	25336642	1110	1110
chr22	16338235	0101	0111
chr22	16388251	0101	0111
chr22	16488396	0101	0111
chr22	16590635	0101	0111
chr22	16661937	0101	0111
chr22	16867205	0101	0111
chr22	16994618	0101	0111
chr22	17046889	0101	0111
chr22	17384460	0101	0111
chr22	17477670	0101	0111
chr22	17941632	0101	0111
chr22	18261863	0101	0111
chr22	18552738	0101	0111
chr22	19400932	0101	0111
chr22	19433909	0101	0111
chr22	19758171	0101	0111
chr22	19921209	0101	0111
chr22	19944967	0101	0111
chr22	20081984	0101	0111
chr22	20303892	0101	0111
chr22	20810421	0101	0111
chr22	20862428	0101	0111
chr22	21089702	0101	0111
chr22	21169185	0101	0111
chr22	21206230	0101	0111
chr22	21248933	0101	0111
chr22	21301994	0101	0111
chr22	21786742	0101	0111
chr22	21797683	0101	0111
chr22	21977368	0101	0111
chr22	22224723	0101	0111
chr22	22587558	0101	0111
chr22	22660593	0101	0111
chr22	22671219	0101	0111
chr22	23465922	0101	0111
chr22	23716293	0101	0111
chr22	23995527	0101	0111
chr22	23996144	0101	0111
chr22	24013218	0101	0111
chr22	24051277	0101	0111
chr22	24261180	0101	0111
chr22	24288727	0101	0111
chr22	24513571	0101	0111
chr22	24746050	0101	0111
chr22	24829054	0101	0111
chr22	25094210	0101	0111
chr22	25529423	0101	0111
chr22	25642250	0101	0111
chr22	25659224	0101	0111
chr22	25668639	0101	0111
chr22	25767436	0101	0111
chr22	25973424	0101	0111
chr22	26076349	0101	0111
chr22	26170392	0101	0111
chr22	26278290	0101	0111
chr22	26373387	0101	0111
chr22	26676706	0101	0111
chr22	26841855	0101	0111
chr22	26859420	0101	0111
chr22	26862926	0101	0111
chr22	27360189	0101	0111
chr22	27456153	0101	0111
chr22	27466913	0101	0111
chr22	27985680	0101	0111
chr22	28223565	0101	0111
chr22	28311892	0101	0111
chr22	28666429	0101	0111
chr22	28678119	0101	0111
chr22	28782985	0101	0111
chr22	28794129	0101	0111
chr22	28951794	0101	0111
chr22	29109025	0101	0111
chr22	29216349	0101	0111
chr22	29391891	0101	0111
chr22	29647363	0101	0111
chr22	29669922	0101	0111
chr22	29910485	0101	0111
chr22	30298711	0101	0111
chr22	30374894	0101	0111
chr22	30451098	0101	0111
chr22	30463097	0101	0111
chr22	30508171	0101	0111
chr22	30776001	0101	0111
chr22	30958781	0101	0111
chr22	31015670	0101	0111
chr22	31021301	0101	0111
chr22	31300475	0101	0111
chr22	31347414	0101	0111
chr22	31413765	0101	0111
chr22	31503617	0101	0111
chr22	31511399	0101	0111
chr22	31554244	0101	0111
chr22	31816850	0101	0111
chr22	31879053	0101	0111
chr22	31991453	0101	0111
chr22	32067249	0101	0111
chr22	32122832	0101	0111
chr22	32275832	0101	0111
chr22	32552557	0101	0111
chr22	32918345	0101	0111
chr22	33050850	0101	0111
chr22	33063193	0101	0111
chr22	33070472	0101	0111
chr22	33527137	0101	0111
chr22	33622729	0101	0111
chr22	33998707	0101	0111
chr22	34272774	0101	0111
chr22	34283769	0101	0111
chr22	34510920	0101	0111
chr22	34873805	0101	0111
chr22	35012937	0101	0111
chr22	35023102	0101	0111
chr22	35150847	0101	0111
chr22	35183090	0101	0111
chr22	35564974	0101	0111
chr22	35876840	0101	0111
chr22	35916452	0101	0111
chr22	35979715	0101	0111
chr22	36032991	0101	0111
chr22	36078431	0101	0111
chr22	36160026	0101	0111
chr22	36591553	0101	0111
chr22	36634038	0101	0111
chr22	36654456	0101	0111
chr22	36940969	0101	0111
chr22	36999653	0101	0111
chr22	37133249	0101	0111
chr22	37185588	0101	0111
chr22	37329139	0101	0111
chr22	37432764	0101	0111
chr22	37699922	0101	0111
chr22	37731537	0101	0111
chr22	37917607	0101	0111
chr22	38372644	0101	0111
chr22	38472741	0101	0111
chr22	38501508	0101	0111
chr22	38514181	0101	0111
chr22	38578050	0101	0111
chr22	38591030	0101	0111
chr22	39106024	0101	0111
chr22	39262995	0101	0111
chr22	39418259	0101	0111
chr22	39603553	0101	0111
chr22	39678062	0101	0111
chr22	39712637	0101	0111
chr22	39796930	0101	0111
chr22	39883412	0101	0111
chr22	39954119	0101	0111
chr22	39966428	0101	0111
chr22	39998598	0101	0111
chr22	40047808	0101	0111
chr22	40178823	0101	0111
chr22	40453813	0101	0111
chr22	40654045	0101	0111
chr22	40951009	0101	0111
chr22	40951400	0101	0111
chr22	40972734	0101	0111
chr22	40981001	0101	0111
chr22	41288224	0101	0111
chr22	41319702	0101	0111
chr22	41632027	0101	0111
chr22	41787462	0101	0111
chr22	41929229	0101	0111
chr22	42112952	0101	0111
chr22	42168745	0101	0111
chr22	42316448	0101	0111
chr22	42436560	0101	0111
chr22	42480332	0101	0111
chr22	42492578	0101	0111
chr22	42905291	0101	0111
chr22	43040740	0101	0111
chr22	43129017	0101	0111
chr22	43229451	0101	0111
chr22	43281611	0101	0111
chr22	43655478	0101	0111
chr22	43980027	0101	0111
chr22	44063219	0101	0111
chr22	44110122	0101	0111
chr22	44173202	0101	0111
chr22	44234887	0101	0111
chr22	44664485	0101	0111
chr22	45125931	0101	0111
chr22	45217246	0101	0111
chr22	45374972	0101	0111
chr22	45405807	0101	0111
chr22	45420221	0101	0111
chr22	45689411	0101	0111
chr22	45718930	0101	0111
chr22	45848675	0101	0111
chr22	46018337	0101	0111
chr22	46042723	0101	0111
chr22	46171734	0101	0111
chr22	46241637	0101	0111
chr22	46412795	0101	0111
chr22	46455559	0101	0111
chr22	46772631	0101	0111
chr22	46854566	0101	0111
chr22	47180577	0101	0111
chr22	47473820	0101	0111
chr22	47653916	0101	0111
chr22	47807860	0101	0111
chr22	47943929	0101	0111
chr22	48125701	0101	0111
chr22	48371798	0101	0111
chr22	48459793	0101	0111
chr22	48593860	0101	0111
chr22	48875205	0101	0111
chr22	49270626	0101	0111
chr22	49555743	0101	0111
chr22	49568942	0101	0111
chr22	49591414	0101	0111
chr22	49651381	0101	0111
chr22	50050798	0101	0111
chr22	50161480	0101	0111
chr22	50223995	0101	0111
chr22	50258631	0101	0111
chr22	50567108	0101	0111
chr22	50583571	0101	0111
chr22	50761717	0101	0111
chr22	50781131	0101	0111
chr22	50872626	0101	0111
chr22	18725820	0101	0101
chr22	26831084	0101	0101
chr22	20449216	1001	1111
chr22	21625196	1001	1111
chr22	21718250	1001	1111
chr22	21718261	1001	1111
chr22	44509392	1001	1111
chr22	33411227	1001	1001
chr22	49016546	1001	1001
chr22	16054435	0011	0111
chr22	16104195	0011	0111
chr22	16111355	0011	0111
chr22	16210642	0011	0111
chr22	16295137	0011	0111
chr22	16319134	0011	0111
chr22	16916598	0011	0111
chr22	17094724	0011	0111
chr22	17099871	0011	0111
chr22	17117738	0011	0111
chr22	17304368	0011	0111
chr22	17369158	0011	0111
chr22	17380027	0011	0111
chr22	17590818	0011	0111
chr22	17696689	0011	0111
chr22	17801357	0011	0111
chr22	17885402	0011	0111
chr22	17939313	0011	0111
chr22	17964379	0011	0111
chr22	18159935	0011	0111
chr22	18394667	0011	0111
chr22	18497500	0011	0111
chr22	18572472	0011	0111
chr22	18736562	0011	0111
chr22	19031633	0011	0111
chr22	19989728	0011	0111
chr22	20066557	0011	0111
chr22	20067364	0011	0111
chr22	20833865	0011	0111
chr22	21159261	0011	0111
chr22	21203401	0011	0111
chr22	21420552	0011	0111
chr22	21459387	0011	0111
chr22	21515683	0011	0111
chr22	21810894	0011	0111
chr22	21811236	0011	0111
chr22	22387423	0011	0111
chr22	22397756	0011	0111
chr22	22841378	0011	0111
chr22	23104939	0011	0111
chr22	23112871	0011	0111
chr22	23203081	0011	0111
chr22	23263308	0011	0111
chr22	23337091	0011	0111
chr22	23536316	0011	0111
chr22	23696819	0011	0111
chr22	24072004	0011	0111
chr22	24082103	0011	0111
chr22	24189793	0011	0111
chr22	24350158	0011	0111
chr22	24424926	0011	0111
chr22	24565325	0011	0111
chr22	24699967	0011	0111
chr22	25546513	0011	0111
chr22	25708507	0011	0111
chr22	25772780	0011	0111
chr22	25783904	0011	0111
chr22	25869917	0011	0111
chr22	26124195	0011	0111
chr22	26141151	0011	0111
chr22	26221834	0011	0111
chr22	26297770	0011	0111
chr22	26298409	0011	0111
chr22	26528226	0011	0111
chr22	26561805	0011	0111
chr22	26707919	0011	0111
chr22	26796816	0011	0111
chr22	26863247	0011	0111
chr22	28229574	0011	0111
chr22	28346274	0011	0111
chr22	28492373	0011	0111
chr22	28525606	0011	0111
chr22	29370578	0011	0111
chr22	29551787	0011	0111
chr22	29642731	0011	0111
chr22	29681578	0011	0111
chr22	29817987	0011	0111
chr22	30156435	0011	0111
chr22	30234455	0011	0111
chr22	30259013	0011	0111
chr22	30855702	0011	0111
chr22	31075086	0011	0111
chr22	31368819	0011	0111
chr22	31417784	0011	0111
chr22	31562616	0011	0111
chr22	31578531	0011	0111
chr22	31782001	0011	0111
chr22	31829017	0011	0111
chr22	31840654	0011	0111
chr22	32050017	0011	0111
chr22	32358843	0011	0111
chr22	32375163	0011	0111
chr22	32493757	0011	0111
chr22	32715158	0011	0111
chr22	32729432	0011	0111
chr22	32805254	0011	0111
chr22	32842407	0011	0111
chr22	32900891	0011	0111
chr22	32933421	0011	0111
chr22	32999471	0011	0111
chr22	33027103	0011	0111
chr22	33164192	0011	0111
chr22	33170035	0011	0111
chr22	33177880	0011	0111
chr22	33416690	0011	0111
chr22	33491498	0011	0111
chr22	33509241	0011	0111
chr22	33791383	0011	0111
chr22	34101302	0011	0111
chr22	34368494	0011	0111
chr22	34460443	0011	0111
chr22	34538114	0011	0111
chr22	34550792	0011	0111
chr22	34597013	0011	0111
chr22	34598265	0011	0111
chr22	34600379	0011	0111
chr22	34712708	0011	0111
chr22	34746702	0011	0111
chr22	34764032	0011	0111
chr22	34949738	0011	0111
chr22	35373360	0011	0111
chr22	35519005	0011	0111
chr22	35576365	0011	0111
chr22	35892517	0011	0111
chr22	35905551	0011	0111
chr22	36132490	0011	0111
chr22	36342858	0011	0111
chr22	36394349	0011	0111
chr22	36621069	0011	0111
chr22	36892992	0011	0111
chr22	37253893	0011	0111
chr22	37327218	0011	0111
chr22	37410730	0011	0111
chr22	37723714	0011	0111
chr22	37833819	0011	0111
chr22	37912482	0011	0111
chr22	38256395	0011	0111
chr22	38269541	0011	0111
chr22	38302010	0011	0111
chr22	38373917	0011	0111
chr22	38455029	0011	0111
chr22	38770741	0011	0111
chr22	39000847	0011	0111
chr22	39105359	0011	0111
chr22	39222576	0011	0111
chr22	39465748	0011	0111
chr22	39549148	0011	0111
chr22	39693893	0011	0111
chr22	39776928	0011	0111
chr22	40009593	0011	0111
chr22	40119527	0011	0111
chr22	40151817	0011	0111
chr22	40254102	0011	0111
chr22	40280003	0011	0111
chr22	40382798	0011	0111
chr22	40509119	0011	0111
chr22	40557405	0011	0111
chr22	41078468	0011	0111
chr22	41461480	0011	0111
chr22	41474214	0011	0111
chr22	41927633	0011	0111
chr22	42267655	0011	0111
chr22	43370479	0011	0111
chr22	43370492	0011	0111
chr22	43397871	0011	0111
chr22	43631734	0011	0111
chr22	43724749	0011	0111
chr22	43976135	0011	0111
chr22	44034132	0011	0111
chr22	44109892	0011	0111
chr22	44113268	0011	0111
chr22	44308945	0011	0111
chr22	44438861	0011	0111
chr22	44489425	0011	0111
chr22	44536547	0011	0111
chr22	44594493	0011	0111
chr22	44612199	0011	0111
chr22	44744369	0011	0111
chr22	44797977	0011	0111
chr22	44817973	0011	0111
chr22	44887379	0011	0111
chr22	44951851	0011	0111
chr22	45292049	0011	0111
chr22	45600195	0011	0111
chr22	45687091	0011	0111
chr22	45694498	0011	0111
chr22	45704104	0011	0111
chr22	46033686	0011	0111
chr22	46129583	0011	0111
chr22	46152967	0011	0111
chr22	46297332	0011	0111
chr22	47120498	0011	0111
chr22	47568969	0011	0111
chr22	47700163	0011	0111
chr22	47710406	0011	0111
chr22	47848138	0011	0111
chr22	47994198	0011	0111
chr22	48267269	0011	0111
chr22	48778319	0011	0111
chr22	48827825	0011	0111
chr22	48972578	0011	0111
chr22	49089823	0011	0111
chr22	49426715	0011	0111
chr22	49604250	0011	0111
chr22	49662761	0011	0111
chr22	49698192	0011	0111
chr22	49903064	0011	0111
chr22	50006743	0011	0111
chr22	50066241	0011	0111
chr22	50112023	0011	0111
chr22	50301742	0011	0111
chr22	50617195	0011	0111
chr22	50900701	0011	0111
chr22	51045454	0011	0111
chr22	18089256	0011	0011
chr22	29050058	0011	0011
chr22	16302297	1011	1111
chr22	16354754	1011	1111
chr22	16602841	1011	1111
chr22	16695096	1011	1111
chr22	16874285	1011	1111
chr22	16891195	1011	1111
chr22	16955471	1011	1111
chr22	20449100	1011	1111
chr22	20639022	1011	1111
chr22	21683529	1011	1111
chr22	22979131	1011	1111
chr22	25015744	1011	1111
chr22	25697952	1011	1111
chr22	31780625	1011	1111
chr22	35076455	1011	1111
chr22	38759046	1011	1111
chr22	42536263	1011	1111
chr22	48981270	1011	1111
chr22	49233160	1011	1111
chr22	17374102	1011	1011
chr22	24009444	1011	1011
