-----
Chromosome	Location	Original Code	New Code
-----
chr22	16084859	1101	1111
chr22	16103935	1101	1111
chr22	16229769	1101	1111
chr22	16250790	1101	1111
chr22	16288739	1101	1111
chr22	16365117	1101	1111
chr22	16380665	1101	1111
chr22	16468598	1101	1111
chr22	16590562	1101	1111
chr22	16590575	1101	1111
chr22	16590578	1101	1111
chr22	16590588	1101	1111
chr22	16593244	1101	1111
chr22	16661856	1101	1111
chr22	16693423	1101	1111
chr22	16873787	1101	1111
chr22	16873867	1101	1111
chr22	16892299	1101	1111
chr22	16898766	1101	1111
chr22	16898844	1101	1111
chr22	16902551	1101	1111
chr22	16913399	1101	1111
chr22	16943045	1101	1111
chr22	16956207	1101	1111
chr22	16990392	1101	1111
chr22	17003505	1101	1111
chr22	17050777	1101	1111
chr22	17132719	1101	1111
chr22	17159617	1101	1111
chr22	17374498	1101	1111
chr22	17375767	1101	1111
chr22	17498469	1101	1111
chr22	17503328	1101	1111
chr22	17585124	1101	1111
chr22	17827684	1101	1111
chr22	18313672	1101	1111
chr22	18534181	1101	1111
chr22	18570175	1101	1111
chr22	18771031	1101	1111
chr22	18787761	1101	1111
chr22	18789625	1101	1111
chr22	18797701	1101	1111
chr22	19174597	1101	1111
chr22	19654562	1101	1111
chr22	19947347	1101	1111
chr22	20189202	1101	1111
chr22	20322597	1101	1111
chr22	20330148	1101	1111
chr22	20364727	1101	1111
chr22	20394502	1101	1111
chr22	20471978	1101	1111
chr22	20627980	1101	1111
chr22	20657146	1101	1111
chr22	20659836	1101	1111
chr22	20775200	1101	1111
chr22	21023811	1101	1111
chr22	21190102	1101	1111
chr22	21493169	1101	1111
chr22	21578998	1101	1111
chr22	21689805	1101	1111
chr22	21719815	1101	1111
chr22	22228619	1101	1111
chr22	22609222	1101	1111
chr22	23108849	1101	1111
chr22	23158889	1101	1111
chr22	23654747	1101	1111
chr22	23680225	1101	1111
chr22	24009918	1101	1111
chr22	24010477	1101	1111
chr22	24645934	1101	1111
chr22	24645954	1101	1111
chr22	24768481	1101	1111
chr22	25015903	1101	1111
chr22	25051265	1101	1111
chr22	25071320	1101	1111
chr22	25081897	1101	1111
chr22	25102715	1101	1111
chr22	25790680	1101	1111
chr22	25817384	1101	1111
chr22	25922910	1101	1111
chr22	26002137	1101	1111
chr22	26190915	1101	1111
chr22	26621355	1101	1111
chr22	26622584	1101	1111
chr22	26841519	1101	1111
chr22	27191848	1101	1111
chr22	27317853	1101	1111
chr22	27375529	1101	1111
chr22	27642918	1101	1111
chr22	27865062	1101	1111
chr22	29955433	1101	1111
chr22	29955450	1101	1111
chr22	30187702	1101	1111
chr22	30616047	1101	1111
chr22	30688985	1101	1111
chr22	30726156	1101	1111
chr22	30830312	1101	1111
chr22	31023585	1101	1111
chr22	31209205	1101	1111
chr22	33107956	1101	1111
chr22	33248647	1101	1111
chr22	33418891	1101	1111
chr22	33436439	1101	1111
chr22	33540369	1101	1111
chr22	34004472	1101	1111
chr22	34280249	1101	1111
chr22	34422662	1101	1111
chr22	34521550	1101	1111
chr22	34625711	1101	1111
chr22	34758540	1101	1111
chr22	34759658	1101	1111
chr22	35090356	1101	1111
chr22	35215413	1101	1111
chr22	35565067	1101	1111
chr22	35606111	1101	1111
chr22	35745524	1101	1111
chr22	36512983	1101	1111
chr22	36548941	1101	1111
chr22	36593238	1101	1111
chr22	36593245	1101	1111
chr22	37619576	1101	1111
chr22	38230825	1101	1111
chr22	38563572	1101	1111
chr22	38613463	1101	1111
chr22	39386819	1101	1111
chr22	39388207	1101	1111
chr22	39388216	1101	1111
chr22	39464562	1101	1111
chr22	39602038	1101	1111
chr22	39608300	1101	1111
chr22	40069245	1101	1111
chr22	40309856	1101	1111
chr22	40921680	1101	1111
chr22	41051109	1101	1111
chr22	41470001	1101	1111
chr22	41676176	1101	1111
chr22	42355549	1101	1111
chr22	42528224	1101	1111
chr22	42534601	1101	1111
chr22	42666069	1101	1111
chr22	42832748	1101	1111
chr22	43032182	1101	1111
chr22	43211902	1101	1111
chr22	43215692	1101	1111
chr22	43397966	1101	1111
chr22	44688564	1101	1111
chr22	44930460	1101	1111
chr22	44981326	1101	1111
chr22	45724050	1101	1111
chr22	45964295	1101	1111
chr22	46369657	1101	1111
chr22	46889009	1101	1111
chr22	47030608	1101	1111
chr22	47288122	1101	1111
chr22	47506160	1101	1111
chr22	47558267	1101	1111
chr22	47758962	1101	1111
chr22	47986036	1101	1111
chr22	48263039	1101	1111
chr22	48811525	1101	1111
chr22	48811753	1101	1111
chr22	48923471	1101	1111
chr22	49189997	1101	1111
chr22	49189998	1101	1111
chr22	49352994	1101	1111
chr22	49980759	1101	1111
chr22	50030325	1101	1111
chr22	50051007	1101	1111
chr22	50084411	1101	1111
chr22	50091191	1101	1111
chr22	50490863	1101	1111
chr22	50664065	1101	1111
chr22	51118478	1101	1111
chr22	51195292	1101	1111
chr22	16289064	1101	1101
chr22	16289230	1101	1101
chr22	16597156	1101	1101
chr22	16655144	1101	1101
chr22	20330513	1101	1101
chr22	22238305	1101	1101
chr22	22974983	1101	1101
chr22	27112693	1101	1101
chr22	48981270	1101	1101
chr22	16058415	1110	1111
chr22	16069000	1110	1111
chr22	16081329	1110	1111
chr22	16099957	1110	1111
chr22	16208756	1110	1111
chr22	16208762	1110	1111
chr22	16208767	1110	1111
chr22	16306002	1110	1111
chr22	16319620	1110	1111
chr22	16340551	1110	1111
chr22	16384639	1110	1111
chr22	16512007	1110	1111
chr22	16512018	1110	1111
chr22	16602841	1110	1111
chr22	16878904	1110	1111
chr22	16896267	1110	1111
chr22	16912381	1110	1111
chr22	16912385	1110	1111
chr22	16955494	1110	1111
chr22	16956509	1110	1111
chr22	16959551	1110	1111
chr22	16993557	1110	1111
chr22	17002269	1110	1111
chr22	17005083	1110	1111
chr22	17005085	1110	1111
chr22	17005101	1110	1111
chr22	17031584	1110	1111
chr22	17031962	1110	1111
chr22	17031985	1110	1111
chr22	17036924	1110	1111
chr22	17036934	1110	1111
chr22	17037718	1110	1111
chr22	17233296	1110	1111
chr22	17373889	1110	1111
chr22	17383639	1110	1111
chr22	17390553	1110	1111
chr22	17516984	1110	1111
chr22	17516993	1110	1111
chr22	17843997	1110	1111
chr22	18403516	1110	1111
chr22	18563287	1110	1111
chr22	18572472	1110	1111
chr22	18715288	1110	1111
chr22	18780513	1110	1111
chr22	18780549	1110	1111
chr22	18823741	1110	1111
chr22	18823772	1110	1111
chr22	18886153	1110	1111
chr22	18972013	1110	1111
chr22	18972055	1110	1111
chr22	19019645	1110	1111
chr22	19523155	1110	1111
chr22	19677207	1110	1111
chr22	19684423	1110	1111
chr22	19996570	1110	1111
chr22	20291481	1110	1111
chr22	20311136	1110	1111
chr22	20627068	1110	1111
chr22	20640211	1110	1111
chr22	20640732	1110	1111
chr22	20806397	1110	1111
chr22	20940208	1110	1111
chr22	20977272	1110	1111
chr22	21022939	1110	1111
chr22	21038134	1110	1111
chr22	21212656	1110	1111
chr22	21288901	1110	1111
chr22	21632958	1110	1111
chr22	21665308	1110	1111
chr22	21680950	1110	1111
chr22	21718120	1110	1111
chr22	21718250	1110	1111
chr22	21718261	1110	1111
chr22	21819370	1110	1111
chr22	21913160	1110	1111
chr22	21921294	1110	1111
chr22	21980894	1110	1111
chr22	22436162	1110	1111
chr22	22521498	1110	1111
chr22	22817086	1110	1111
chr22	22884963	1110	1111
chr22	23241844	1110	1111
chr22	23482483	1110	1111
chr22	23652503	1110	1111
chr22	23657939	1110	1111
chr22	23814455	1110	1111
chr22	24008465	1110	1111
chr22	24009879	1110	1111
chr22	24659348	1110	1111
chr22	24659381	1110	1111
chr22	24660074	1110	1111
chr22	24692852	1110	1111
chr22	24751158	1110	1111
chr22	24888796	1110	1111
chr22	25022677	1110	1111
chr22	25655275	1110	1111
chr22	25663522	1110	1111
chr22	25701126	1110	1111
chr22	25701127	1110	1111
chr22	25981649	1110	1111
chr22	26456814	1110	1111
chr22	27256942	1110	1111
chr22	27290612	1110	1111
chr22	27442333	1110	1111
chr22	29727866	1110	1111
chr22	29988779	1110	1111
chr22	30265022	1110	1111
chr22	30518828	1110	1111
chr22	30772960	1110	1111
chr22	31971258	1110	1111
chr22	32982583	1110	1111
chr22	33156903	1110	1111
chr22	33426619	1110	1111
chr22	33434664	1110	1111
chr22	33553183	1110	1111
chr22	33979937	1110	1111
chr22	34070673	1110	1111
chr22	34402044	1110	1111
chr22	34493709	1110	1111
chr22	34642970	1110	1111
chr22	35082684	1110	1111
chr22	35548675	1110	1111
chr22	35748208	1110	1111
chr22	35991941	1110	1111
chr22	36092699	1110	1111
chr22	36519604	1110	1111
chr22	36610384	1110	1111
chr22	36610386	1110	1111
chr22	36614289	1110	1111
chr22	36710519	1110	1111
chr22	36987861	1110	1111
chr22	37086666	1110	1111
chr22	37477582	1110	1111
chr22	38096053	1110	1111
chr22	38781817	1110	1111
chr22	38787703	1110	1111
chr22	39658958	1110	1111
chr22	40800071	1110	1111
chr22	40859004	1110	1111
chr22	40994998	1110	1111
chr22	41608670	1110	1111
chr22	41616284	1110	1111
chr22	42048866	1110	1111
chr22	42404125	1110	1111
chr22	42521489	1110	1111
chr22	42536653	1110	1111
chr22	42811162	1110	1111
chr22	42900200	1110	1111
chr22	42901692	1110	1111
chr22	43226912	1110	1111
chr22	43228528	1110	1111
chr22	43299710	1110	1111
chr22	43387711	1110	1111
chr22	43783371	1110	1111
chr22	44509843	1110	1111
chr22	45065761	1110	1111
chr22	46389810	1110	1111
chr22	46666575	1110	1111
chr22	46947394	1110	1111
chr22	46963307	1110	1111
chr22	47000866	1110	1111
chr22	47701326	1110	1111
chr22	47728955	1110	1111
chr22	48419650	1110	1111
chr22	48663548	1110	1111
chr22	48906226	1110	1111
chr22	49045770	1110	1111
chr22	49052734	1110	1111
chr22	49068920	1110	1111
chr22	49068935	1110	1111
chr22	49074933	1110	1111
chr22	49199553	1110	1111
chr22	49258245	1110	1111
chr22	49338289	1110	1111
chr22	49343781	1110	1111
chr22	49356192	1110	1111
chr22	49357869	1110	1111
chr22	49363849	1110	1111
chr22	49519548	1110	1111
chr22	49684878	1110	1111
chr22	49696067	1110	1111
chr22	49780858	1110	1111
chr22	50018497	1110	1111
chr22	50714289	1110	1111
chr22	51208568	1110	1111
chr22	51210268	1110	1111
chr22	16354754	1110	1110
chr22	16674154	1110	1110
chr22	16948098	1110	1110
chr22	20472967	1110	1110
chr22	21067806	1110	1110
chr22	21517725	1110	1110
chr22	21693697	1110	1110
chr22	35074388	1110	1110
chr22	35186901	1110	1110
chr22	16291904	0111	1111
chr22	16661659	0111	1111
chr22	16695096	0111	1111
chr22	16941074	0111	1111
chr22	18730900	0111	1111
chr22	19947361	0111	1111
chr22	21515683	0111	1111
chr22	21569167	0111	1111
chr22	21639323	0111	1111
chr22	22622953	0111	1111
chr22	25016121	0111	1111
chr22	25912968	0111	1111
chr22	35076455	0111	1111
chr22	49006383	0111	1111
chr22	50651278	0111	1111
chr22	16104668	0101	1111
chr22	16662102	0101	1111
chr22	45724132	0101	1111
chr22	51121148	0101	1111
chr22	20320731	0101	0101
chr22	16236958	0110	1111
chr22	16302297	0110	1111
chr22	25336700	0110	0110
chr22	25336704	0110	0110
chr22	25336718	0110	0110
chr22	43900746	0110	0110
chr22	51229495	0110	0110
chr22	17373956	1001	1111
chr22	19947346	1001	1111
chr22	21050335	1001	1111
chr22	22914345	1001	1001
chr22	18652993	1010	1111
chr22	20298581	1010	1111
chr22	21683529	1010	1111
chr22	48648081	1010	1111
chr22	49074950	1010	1111
chr22	49074954	1010	1111
chr22	37822401	1010	1010
chr22	16078974	1011	1111
chr22	16345547	1011	1111
chr22	16365289	1011	1111
chr22	16409292	1011	1111
chr22	16624702	1011	1111
chr22	16878305	1011	1111
chr22	16916066	1011	1111
chr22	18000380	1011	1111
chr22	18748118	1011	1111
chr22	19947341	1011	1111
chr22	21050319	1011	1111
chr22	21581864	1011	1111
chr22	21718264	1011	1111
chr22	21819437	1011	1111
chr22	25065795	1011	1111
chr22	25913027	1011	1111
chr22	29800337	1011	1111
chr22	48128394	1011	1111
chr22	49074885	1011	1111
chr22	50467610	1011	1111
chr22	51220848	1011	1111
chr22	16346070	1011	1011
chr22	31780625	1011	1011
chr22	51231019	1011	1011
