-----
Chromosome	Location	Original Code	New Code
-----
chr22	16394113	1101	1111
chr22	16593244	1101	1111
chr22	16695829	1101	1111
chr22	16956445	1101	1111
chr22	17030690	1101	1111
chr22	17030694	1101	1111
chr22	17374133	1101	1111
chr22	18780549	1101	1111
chr22	18791458	1101	1111
chr22	20449100	1101	1111
chr22	21022550	1101	1111
chr22	21673924	1101	1111
chr22	38626051	1101	1111
chr22	47000776	1101	1111
chr22	49074950	1101	1111
chr22	49349280	1101	1111
chr22	51215028	1101	1111
chr22	51235547	1101	1111
chr22	21693697	1101	1101
chr22	22982363	1101	1101
chr22	16078974	1100	1111
chr22	20449216	1100	1111
chr22	21479869	1100	1111
chr22	25022677	1100	1111
chr22	48875205	1100	1111
chr22	48875229	1100	1111
chr22	50464834	1100	1111
chr22	34536324	1100	1100
chr22	16649937	1110	1111
chr22	17028148	1110	1111
chr22	17373889	1110	1111
chr22	18736217	1110	1111
chr22	20320655	1110	1111
chr22	20354187	1110	1111
chr22	20626695	1110	1111
chr22	20706869	1110	1111
chr22	21022939	1110	1111
chr22	21494149	1110	1111
chr22	21505702	1110	1111
chr22	21718264	1110	1111
chr22	21761502	1110	1111
chr22	24651963	1110	1111
chr22	24655872	1110	1111
chr22	25002815	1110	1111
chr22	43475169	1110	1111
chr22	47999083	1110	1111
chr22	49006383	1110	1111
chr22	49122311	1110	1111
chr22	50467481	1110	1111
chr22	16681678	1110	1110
chr22	21577442	1110	1110
chr22	22914345	1110	1110
chr22	16099957	0101	0111
chr22	17984848	0101	0111
chr22	19620661	0101	0111
chr22	22006812	0101	0111
chr22	22044503	0101	0111
chr22	23873668	0101	0111
chr22	24025539	0101	0111
chr22	24149954	0101	0111
chr22	30547866	0101	0111
chr22	37704817	0101	0111
chr22	42147193	0101	0111
chr22	47000761	0101	0111
chr22	49074954	0101	0111
chr22	49656307	0101	0111
chr22	49703730	0101	0111
chr22	50057311	0101	0111
chr22	28649780	0101	0101
chr22	16288407	0110	0111
chr22	16611390	0110	0111
chr22	18760008	0110	0111
chr22	18823741	0110	0111
chr22	18823772	0110	0111
chr22	19910592	0110	0111
chr22	21470346	0110	0111
chr22	21683529	0110	0111
chr22	25868058	0110	0111
chr22	27969430	0110	0111
chr22	29416697	0110	0111
chr22	30325779	0110	0111
chr22	35270350	0110	0111
chr22	35280121	0110	0111
chr22	35529591	0110	0111
chr22	36177553	0110	0111
chr22	37684110	0110	0111
chr22	41476420	0110	0111
chr22	44509903	0110	0111
chr22	45189403	0110	0111
chr22	45724132	0110	0111
chr22	46848391	0110	0111
chr22	48648411	0110	0111
chr22	51012582	0110	0111
chr22	51221406	0110	0111
chr22	16366131	0110	0110
chr22	19088192	0110	0110
chr22	16081329	1001	1111
chr22	16164147	1001	1111
chr22	16647946	1001	1111
chr22	20298220	1001	1111
chr22	20491664	1001	1111
chr22	42967403	1001	1111
chr22	44510539	1001	1111
chr22	50066487	1001	1111
chr22	16537357	1010	1111
chr22	16655722	1010	1111
chr22	22980270	1010	1111
chr22	16143995	1011	1111
chr22	16210881	1011	1111
chr22	16236684	1011	1111
chr22	16338055	1011	1111
chr22	16364490	1011	1111
chr22	16364901	1011	1111
chr22	16433500	1011	1111
chr22	16467708	1011	1111
chr22	16661659	1011	1111
chr22	16696307	1011	1111
chr22	16863599	1011	1111
chr22	16874909	1011	1111
chr22	16951222	1011	1111
chr22	16957146	1011	1111
chr22	16991519	1011	1111
chr22	17050777	1011	1111
chr22	17248944	1011	1111
chr22	17251890	1011	1111
chr22	17389912	1011	1111
chr22	17665080	1011	1111
chr22	18467483	1011	1111
chr22	18467502	1011	1111
chr22	18652023	1011	1111
chr22	18770295	1011	1111
chr22	18787128	1011	1111
chr22	18802480	1011	1111
chr22	18841052	1011	1111
chr22	18843741	1011	1111
chr22	18844942	1011	1111
chr22	19022232	1011	1111
chr22	20322149	1011	1111
chr22	20324038	1011	1111
chr22	20390063	1011	1111
chr22	20492558	1011	1111
chr22	20718029	1011	1111
chr22	21047880	1011	1111
chr22	21066502	1011	1111
chr22	21515683	1011	1111
chr22	21548497	1011	1111
chr22	21570790	1011	1111
chr22	21718284	1011	1111
chr22	21757334	1011	1111
chr22	22238305	1011	1111
chr22	22643421	1011	1111
chr22	22975138	1011	1111
chr22	24322824	1011	1111
chr22	24420128	1011	1111
chr22	24588865	1011	1111
chr22	24651349	1011	1111
chr22	24655282	1011	1111
chr22	24657872	1011	1111
chr22	25065777	1011	1111
chr22	25406190	1011	1111
chr22	25697952	1011	1111
chr22	27305781	1011	1111
chr22	27731294	1011	1111
chr22	27817117	1011	1111
chr22	30131570	1011	1111
chr22	33278904	1011	1111
chr22	33401968	1011	1111
chr22	34898949	1011	1111
chr22	35076455	1011	1111
chr22	35110323	1011	1111
chr22	35564635	1011	1111
chr22	35631590	1011	1111
chr22	37508507	1011	1111
chr22	37635055	1011	1111
chr22	39590385	1011	1111
chr22	39664392	1011	1111
chr22	39694225	1011	1111
chr22	39875595	1011	1111
chr22	39996882	1011	1111
chr22	40791014	1011	1111
chr22	41215672	1011	1111
chr22	42890624	1011	1111
chr22	42897553	1011	1111
chr22	42914931	1011	1111
chr22	42914974	1011	1111
chr22	42953104	1011	1111
chr22	42963183	1011	1111
chr22	42963187	1011	1111
chr22	43664665	1011	1111
chr22	43762771	1011	1111
chr22	44510631	1011	1111
chr22	45233718	1011	1111
chr22	46542398	1011	1111
chr22	47316696	1011	1111
chr22	47599841	1011	1111
chr22	48223357	1011	1111
chr22	48274261	1011	1111
chr22	48502152	1011	1111
chr22	48745341	1011	1111
chr22	49557389	1011	1111
chr22	50250283	1011	1111
chr22	50250345	1011	1111
chr22	50253683	1011	1111
chr22	50310829	1011	1111
chr22	50310847	1011	1111
chr22	50585663	1011	1111
chr22	50958392	1011	1111
chr22	51216679	1011	1111
chr22	16406130	1011	1011
chr22	16409806	1011	1011
chr22	16552593	1011	1011
chr22	16876430	1011	1011
chr22	16957145	1011	1011
chr22	16984522	1011	1011
chr22	18847327	1011	1011
chr22	21624702	1011	1011
chr22	25049562	1011	1011
chr22	49951798	1011	1011
chr22	51230503	1011	1011
