-----
Chromosome	Location	Original Code	New Code
-----
chr22	16083573	1101	1111
chr22	16142365	1101	1111
chr22	16347639	1101	1111
chr22	16364901	1101	1111
chr22	16597156	1101	1111
chr22	18844942	1101	1111
chr22	19947347	1101	1111
chr22	20298220	1101	1111
chr22	20298581	1101	1111
chr22	20390063	1101	1111
chr22	20659836	1101	1111
chr22	21575800	1101	1111
chr22	25065795	1101	1111
chr22	31780625	1101	1111
chr22	49006383	1101	1111
chr22	50253683	1101	1111
chr22	16614145	1101	1101
chr22	18768197	1101	1101
chr22	16205497	1100	1111
chr22	49793383	1100	1111
chr22	16345549	1110	1111
chr22	16352240	1110	1111
chr22	16446210	1110	1111
chr22	16463039	1110	1111
chr22	16512007	1110	1111
chr22	16573733	1110	1111
chr22	16661840	1110	1111
chr22	18823741	1110	1111
chr22	18835298	1110	1111
chr22	18841052	1110	1111
chr22	20320655	1110	1111
chr22	21570790	1110	1111
chr22	21602657	1110	1111
chr22	21639323	1110	1111
chr22	21680702	1110	1111
chr22	22970974	1110	1111
chr22	22991257	1110	1111
chr22	23680589	1110	1111
chr22	24323878	1110	1111
chr22	37478254	1110	1111
chr22	43475137	1110	1111
chr22	47000761	1110	1111
chr22	47000916	1110	1111
chr22	49074933	1110	1111
chr22	51210268	1110	1111
chr22	16113372	1110	1110
chr22	36131220	1110	1110
chr22	16251281	0111	1111
chr22	16302945	0111	1111
chr22	16384639	0111	1111
chr22	16878882	0111	1111
chr22	19022182	0111	1111
chr22	20501608	0111	1111
chr22	20505550	0111	1111
chr22	20718029	0111	1111
chr22	21050335	0111	1111
chr22	21665168	0111	1111
chr22	23659643	0111	1111
chr22	42971673	0111	1111
chr22	46318285	0111	1111
chr22	51231019	0111	1111
chr22	16078893	0111	0111
chr22	20502333	0111	0111
chr22	21700054	0111	0111
chr22	22980270	0111	0111
chr22	20486571	0101	1111
chr22	21718250	0101	1111
chr22	21718261	0101	1111
chr22	43030870	0101	1111
chr22	48875205	0101	1111
chr22	48875229	0101	1111
chr22	16970195	0101	0101
chr22	39037979	0101	0101
chr22	16507651	0110	1111
chr22	21038134	0110	1111
chr22	47000776	0110	1111
chr22	49074950	0110	1111
chr22	49781829	0110	1111
chr22	18823772	0110	0110
chr22	25336700	0110	0110
chr22	25336704	0110	0110
chr22	25336718	0110	0110
chr22	20320242	1001	1111
chr22	21066930	1001	1111
chr22	49951798	1001	1111
chr22	50066435	1001	1111
chr22	18572480	1001	1001
chr22	38781082	1001	1001
chr22	48648081	1001	1001
chr22	16406130	1010	1111
chr22	16695096	1010	1111
chr22	18929913	1010	1111
chr22	20470617	1010	1111
chr22	21571677	1010	1111
chr22	24693823	1010	1111
chr22	45280557	1010	1111
chr22	16354754	0011	1111
chr22	49074978	0011	1111
chr22	51121148	0011	1111
chr22	51227891	0011	1111
chr22	18769970	0011	0011
chr22	20327262	0011	0011
chr22	21626227	0011	0011
chr22	22914473	0011	0011
chr22	16102810	1011	1111
chr22	16220136	1011	1111
chr22	16250790	1011	1111
chr22	16494473	1011	1111
chr22	17124893	1011	1111
chr22	17374133	1011	1111
chr22	18791458	1011	1111
chr22	20640732	1011	1111
chr22	21050875	1011	1111
chr22	21066942	1011	1111
chr22	21486204	1011	1111
chr22	22620818	1011	1111
chr22	22979131	1011	1111
chr22	25071320	1011	1111
chr22	35564505	1011	1111
chr22	35564506	1011	1111
chr22	41816042	1011	1111
chr22	44509392	1011	1111
chr22	50585962	1011	1111
chr22	18780549	1011	1011
chr22	22238305	1011	1011
chr22	37496460	1011	1011
