-----
Chromosome	Location	Original Code	New Code
-----
chr22	16099957	1101	1111
chr22	16201713	1101	1111
chr22	16236958	1101	1111
chr22	16333119	1101	1111
chr22	16379072	1101	1111
chr22	16898766	1101	1111
chr22	16902551	1101	1111
chr22	17373889	1101	1111
chr22	17374102	1101	1111
chr22	17650705	1101	1111
chr22	18752106	1101	1111
chr22	18768197	1101	1111
chr22	21050417	1101	1111
chr22	21050418	1101	1111
chr22	21066942	1101	1111
chr22	21483485	1101	1111
chr22	21494149	1101	1111
chr22	21662663	1101	1111
chr22	22668885	1101	1111
chr22	23661800	1101	1111
chr22	34493709	1101	1111
chr22	38781082	1101	1111
chr22	18841931	1101	1101
chr22	21517491	1101	1101
chr22	47999083	1101	1101
chr22	49016546	1101	1101
chr22	49016553	1101	1101
chr22	50066469	1101	1101
chr22	16507651	1100	1111
chr22	21718120	1100	1111
chr22	20438352	1100	1100
chr22	21720452	1100	1100
chr22	16208756	1110	1111
chr22	16288739	1110	1111
chr22	16340551	1110	1111
chr22	16695829	1110	1111
chr22	16952978	1110	1111
chr22	16953044	1110	1111
chr22	17031584	1110	1111
chr22	17358260	1110	1111
chr22	18748118	1110	1111
chr22	19022175	1110	1111
chr22	20624711	1110	1111
chr22	21071059	1110	1111
chr22	21718239	1110	1111
chr22	23681221	1110	1111
chr22	24014014	1110	1111
chr22	24323878	1110	1111
chr22	24655282	1110	1111
chr22	25043619	1110	1111
chr22	25697952	1110	1111
chr22	33339736	1110	1111
chr22	45724050	1110	1111
chr22	47256013	1110	1111
chr22	50467610	1110	1111
chr22	51121148	1110	1111
chr22	51229495	1110	1111
chr22	20502333	1110	1110
chr22	21606391	1110	1110
chr22	22975138	1110	1110
chr22	41691190	1110	1110
chr22	16166974	0101	0111
chr22	16406130	0101	0111
chr22	21826064	0101	0111
chr22	22799905	0101	0111
chr22	24165229	0101	0111
chr22	25015744	0101	0111
chr22	28980409	0101	0111
chr22	31417169	0101	0111
chr22	31462152	0101	0111
chr22	32066888	0101	0111
chr22	33277970	0101	0111
chr22	35824851	0101	0111
chr22	37739784	0101	0111
chr22	38110787	0101	0111
chr22	38259075	0101	0111
chr22	38839107	0101	0111
chr22	41170557	0101	0111
chr22	41208354	0101	0111
chr22	43123538	0101	0111
chr22	44724006	0101	0111
chr22	45724132	0101	0111
chr22	46333877	0101	0111
chr22	49273188	0101	0111
chr22	18760010	0101	0101
chr22	16223418	1001	1111
chr22	17374498	1001	1111
chr22	21718261	1001	1111
chr22	24651963	1001	1111
chr22	33000524	1001	1111
chr22	44509903	1001	1111
chr22	16113372	1001	1001
chr22	16661840	1001	1001
chr22	21605678	1001	1001
chr22	49233160	1001	1001
chr22	16208767	1010	1111
chr22	16306250	1010	1111
chr22	20320655	1010	1111
chr22	25002815	1010	1111
chr22	48875229	1010	1111
chr22	49074950	1010	1111
chr22	18798951	1010	1010
chr22	16540035	0011	0111
chr22	16630227	0011	0111
chr22	20449216	0011	0111
chr22	22683283	0011	0111
chr22	25642251	0011	0111
chr22	25913027	0011	0111
chr22	26268880	0011	0111
chr22	35191858	0011	0111
chr22	35515564	0011	0111
chr22	37349388	0011	0111
chr22	39971782	0011	0111
chr22	41113203	0011	0111
chr22	41476460	0011	0111
chr22	42197294	0011	0111
chr22	43253879	0011	0111
chr22	48836499	0011	0111
chr22	49502783	0011	0111
chr22	50467481	0011	0111
chr22	22970974	0011	0011
chr22	16083573	1011	1111
chr22	16208762	1011	1111
chr22	16216924	1011	1111
chr22	16347827	1011	1111
chr22	16365289	1011	1111
chr22	16409806	1011	1111
chr22	16662102	1011	1111
chr22	17499030	1011	1111
chr22	18787128	1011	1111
chr22	18841052	1011	1111
chr22	19684423	1011	1111
chr22	20320731	1011	1111
chr22	20384762	1011	1111
chr22	20467780	1011	1111
chr22	20468502	1011	1111
chr22	20470617	1011	1111
chr22	21586643	1011	1111
chr22	21600633	1011	1111
chr22	21625385	1011	1111
chr22	22624693	1011	1111
chr22	22980270	1011	1111
chr22	23653555	1011	1111
chr22	24009879	1011	1111
chr22	24692619	1011	1111
chr22	25642250	1011	1111
chr22	35888210	1011	1111
chr22	45280557	1011	1111
chr22	47000761	1011	1111
chr22	49662219	1011	1111
chr22	49793383	1011	1111
chr22	51227891	1011	1111
chr22	16338055	1011	1011
chr22	16874804	1011	1011
chr22	21531227	1011	1011
