-----
Chromosome	Location	Original Code	New Code
-----
chr22	16347639	1101	1111
chr22	16364923	1101	1111
chr22	16973063	1101	1111
chr22	18774869	1101	1111
chr22	18787128	1101	1111
chr22	20449216	1101	1111
chr22	21050417	1101	1111
chr22	21050418	1101	1111
chr22	21569167	1101	1111
chr22	21577442	1101	1111
chr22	24652371	1101	1111
chr22	25697952	1101	1111
chr22	26173888	1101	1111
chr22	44510591	1101	1111
chr22	50651238	1101	1111
chr22	50937043	1101	1111
chr22	51215028	1101	1111
chr22	20377592	1101	1101
chr22	24369345	1100	1111
chr22	25065795	1100	1111
chr22	29153611	1100	1111
chr22	49122311	1100	1111
chr22	16348894	1100	1100
chr22	16413077	1100	1100
chr22	16516131	1100	1100
chr22	17236700	1100	1100
chr22	17891248	1100	1100
chr22	17990487	1100	1100
chr22	18585927	1100	1100
chr22	18624009	1100	1100
chr22	19112374	1100	1100
chr22	19584334	1100	1100
chr22	20486571	1100	1100
chr22	20626695	1100	1100
chr22	20894367	1100	1100
chr22	21929310	1100	1100
chr22	22295726	1100	1100
chr22	23994453	1100	1100
chr22	24429695	1100	1100
chr22	24595588	1100	1100
chr22	24716402	1100	1100
chr22	24794961	1100	1100
chr22	25458884	1100	1100
chr22	25561343	1100	1100
chr22	25994060	1100	1100
chr22	26060810	1100	1100
chr22	26061095	1100	1100
chr22	28644909	1100	1100
chr22	29052532	1100	1100
chr22	29259976	1100	1100
chr22	30175222	1100	1100
chr22	30480612	1100	1100
chr22	30894883	1100	1100
chr22	31255494	1100	1100
chr22	32229580	1100	1100
chr22	32713589	1100	1100
chr22	32966776	1100	1100
chr22	33188183	1100	1100
chr22	33383708	1100	1100
chr22	33470699	1100	1100
chr22	33616634	1100	1100
chr22	33657465	1100	1100
chr22	34706969	1100	1100
chr22	35090517	1100	1100
chr22	35359547	1100	1100
chr22	35878184	1100	1100
chr22	36350250	1100	1100
chr22	37091147	1100	1100
chr22	37184701	1100	1100
chr22	37387391	1100	1100
chr22	37831313	1100	1100
chr22	38542825	1100	1100
chr22	39037979	1100	1100
chr22	39547009	1100	1100
chr22	39588214	1100	1100
chr22	39743071	1100	1100
chr22	40210792	1100	1100
chr22	40276321	1100	1100
chr22	40718646	1100	1100
chr22	41234703	1100	1100
chr22	41545351	1100	1100
chr22	41839036	1100	1100
chr22	42068516	1100	1100
chr22	42576195	1100	1100
chr22	42869498	1100	1100
chr22	43387701	1100	1100
chr22	44908924	1100	1100
chr22	45918195	1100	1100
chr22	47575285	1100	1100
chr22	48065573	1100	1100
chr22	48431167	1100	1100
chr22	48806801	1100	1100
chr22	49172726	1100	1100
chr22	50578268	1100	1100
chr22	16099957	1110	1111
chr22	16142365	1110	1111
chr22	16210642	1110	1111
chr22	16237555	1110	1111
chr22	16288255	1110	1111
chr22	16340551	1110	1111
chr22	16463039	1110	1111
chr22	16528060	1110	1111
chr22	16898206	1110	1111
chr22	19947347	1110	1111
chr22	19947361	1110	1111
chr22	20320242	1110	1111
chr22	20346278	1110	1111
chr22	20449100	1110	1111
chr22	21050335	1110	1111
chr22	21515683	1110	1111
chr22	21531227	1110	1111
chr22	21548497	1110	1111
chr22	21624702	1110	1111
chr22	21709742	1110	1111
chr22	22643421	1110	1111
chr22	23653555	1110	1111
chr22	24651330	1110	1111
chr22	31986132	1110	1111
chr22	38781082	1110	1111
chr22	42900200	1110	1111
chr22	44510539	1110	1111
chr22	47000761	1110	1111
chr22	48981270	1110	1111
chr22	49074933	1110	1111
chr22	49074954	1110	1111
chr22	49258245	1110	1111
chr22	51208255	1110	1111
chr22	51229495	1110	1111
chr22	49793383	1110	1110
chr22	16973059	0101	0111
chr22	17373889	0101	0111
chr22	20322149	0101	0111
chr22	20886536	0101	0111
chr22	21188045	0101	0111
chr22	21574947	0101	0111
chr22	22219956	0101	0111
chr22	22542668	0101	0111
chr22	24651963	0101	0111
chr22	25071320	0101	0111
chr22	28632913	0101	0111
chr22	29110746	0101	0111
chr22	29691194	0101	0111
chr22	35454367	0101	0111
chr22	37987650	0101	0111
chr22	40843233	0101	0111
chr22	43147330	0101	0111
chr22	44466999	0101	0111
chr22	45140591	0101	0111
chr22	45433395	0101	0111
chr22	45460678	0101	0111
chr22	46174715	0101	0111
chr22	49604054	0101	0111
chr22	17411570	0101	0101
chr22	17484876	0101	0101
chr22	17575584	0101	0101
chr22	17698451	0101	0101
chr22	17888332	0101	0101
chr22	17909369	0101	0101
chr22	18190937	0101	0101
chr22	19294945	0101	0101
chr22	19519119	0101	0101
chr22	21987388	0101	0101
chr22	22737544	0101	0101
chr22	23249184	0101	0101
chr22	23983565	0101	0101
chr22	24486467	0101	0101
chr22	25036060	0101	0101
chr22	25475301	0101	0101
chr22	25732089	0101	0101
chr22	26147862	0101	0101
chr22	26520396	0101	0101
chr22	26903764	0101	0101
chr22	27126573	0101	0101
chr22	27267416	0101	0101
chr22	27728465	0101	0101
chr22	27796669	0101	0101
chr22	28192536	0101	0101
chr22	28467588	0101	0101
chr22	28505475	0101	0101
chr22	28626207	0101	0101
chr22	29037097	0101	0101
chr22	29132473	0101	0101
chr22	29379442	0101	0101
chr22	29528803	0101	0101
chr22	29734540	0101	0101
chr22	29999373	0101	0101
chr22	30065888	0101	0101
chr22	31378584	0101	0101
chr22	31740029	0101	0101
chr22	32001359	0101	0101
chr22	32080918	0101	0101
chr22	32179172	0101	0101
chr22	32500188	0101	0101
chr22	32737548	0101	0101
chr22	33321185	0101	0101
chr22	33590556	0101	0101
chr22	33635832	0101	0101
chr22	34201249	0101	0101
chr22	34537179	0101	0101
chr22	35019154	0101	0101
chr22	35842750	0101	0101
chr22	36326246	0101	0101
chr22	37259007	0101	0101
chr22	37641311	0101	0101
chr22	37715225	0101	0101
chr22	37918749	0101	0101
chr22	38117399	0101	0101
chr22	40617482	0101	0101
chr22	40890412	0101	0101
chr22	41292768	0101	0101
chr22	41624167	0101	0101
chr22	42103337	0101	0101
chr22	42184899	0101	0101
chr22	42673683	0101	0101
chr22	43736927	0101	0101
chr22	44201884	0101	0101
chr22	44937880	0101	0101
chr22	45238838	0101	0101
chr22	45471114	0101	0101
chr22	46468782	0101	0101
chr22	46748044	0101	0101
chr22	47591178	0101	0101
chr22	48211804	0101	0101
chr22	48272694	0101	0101
chr22	48876123	0101	0101
chr22	49808386	0101	0101
chr22	49916954	0101	0101
chr22	50168496	0101	0101
chr22	50626260	0101	0101
chr22	50910188	0101	0101
chr22	23233367	0110	0111
chr22	29417994	0110	0111
chr22	31981216	0110	0111
chr22	32122733	0110	0111
chr22	39144742	0110	0111
chr22	41071801	0110	0111
chr22	44514696	0110	0111
chr22	44807436	0110	0111
chr22	45085124	0110	0111
chr22	46674451	0110	0111
chr22	49074950	0110	0111
chr22	50504350	0110	0111
chr22	50936934	0110	0111
chr22	18572472	0110	0110
chr22	16113372	1001	1111
chr22	16208756	1001	1111
chr22	16208762	1001	1111
chr22	20652065	1001	1111
chr22	48875205	1001	1111
chr22	48875229	1001	1111
chr22	48875260	1001	1111
chr22	32846128	1001	1001
chr22	17050777	1010	1111
chr22	19947359	1010	1111
chr22	19947360	1010	1111
chr22	18791458	1010	1010
chr22	20062782	1010	1010
chr22	21683529	1010	1010
chr22	16411235	1011	1111
chr22	16695096	1011	1111
chr22	16909454	1011	1111
chr22	16941074	1011	1111
chr22	17364467	1011	1111
chr22	17650705	1011	1111
chr22	19684429	1011	1111
chr22	20291481	1011	1111
chr22	20322773	1011	1111
chr22	20394502	1011	1111
chr22	20491664	1011	1111
chr22	20501608	1011	1111
chr22	20718029	1011	1111
chr22	21494149	1011	1111
chr22	21586643	1011	1111
chr22	21626227	1011	1111
chr22	22664743	1011	1111
chr22	25673279	1011	1111
chr22	25912968	1011	1111
chr22	35076455	1011	1111
chr22	20457060	1011	1011
chr22	25043619	1011	1011
