-----
Chromosome	Location	Original Code	New Code
-----
chr22	16210642	1101	1111
chr22	16528060	1101	1111
chr22	16590562	1101	1111
chr22	16590575	1101	1111
chr22	16590578	1101	1111
chr22	16590588	1101	1111
chr22	16647946	1101	1111
chr22	18791458	1101	1111
chr22	20320731	1101	1111
chr22	20390063	1101	1111
chr22	20491664	1101	1111
chr22	21570790	1101	1111
chr22	22970974	1101	1111
chr22	24009444	1101	1111
chr22	24323878	1101	1111
chr22	25002815	1101	1111
chr22	25065795	1101	1111
chr22	25071286	1101	1111
chr22	31780625	1101	1111
chr22	35563729	1101	1111
chr22	43475169	1101	1111
chr22	44451823	1101	1111
chr22	45280557	1101	1111
chr22	48648411	1101	1111
chr22	49258245	1101	1111
chr22	16113372	1101	1101
chr22	47000776	1101	1101
chr22	20486571	1100	1111
chr22	20502333	1100	1111
chr22	20652065	1100	1111
chr22	25071320	1100	1111
chr22	25397208	1100	1111
chr22	49122311	1100	1111
chr22	49249212	1100	1111
chr22	19688482	1100	1100
chr22	21720452	1100	1100
chr22	50066435	1100	1100
chr22	50467610	1100	1100
chr22	16083573	1110	1111
chr22	16208767	1110	1111
chr22	16345547	1110	1111
chr22	16914473	1110	1111
chr22	16978368	1110	1111
chr22	16978388	1110	1111
chr22	17373889	1110	1111
chr22	18791326	1110	1111
chr22	18836515	1110	1111
chr22	19947361	1110	1111
chr22	20324038	1110	1111
chr22	20624711	1110	1111
chr22	21038134	1110	1111
chr22	21505702	1110	1111
chr22	21662663	1110	1111
chr22	23659643	1110	1111
chr22	24651330	1110	1111
chr22	24657529	1110	1111
chr22	25070472	1110	1111
chr22	25701127	1110	1111
chr22	26002137	1110	1111
chr22	34493709	1110	1111
chr22	35888203	1110	1111
chr22	42967403	1110	1111
chr22	45724132	1110	1111
chr22	48875260	1110	1111
chr22	49132199	1110	1111
chr22	50607268	1110	1111
chr22	16161637	1110	1110
chr22	18836501	1110	1110
chr22	16302297	0110	0111
chr22	16952978	0110	0111
chr22	16956445	0110	0111
chr22	17075719	0110	0111
chr22	17413114	0110	0111
chr22	17510506	0110	0111
chr22	18381878	0110	0111
chr22	18798951	0110	0111
chr22	19585359	0110	0111
chr22	21571677	0110	0111
chr22	21709709	0110	0111
chr22	22600655	0110	0111
chr22	22717534	0110	0111
chr22	23609427	0110	0111
chr22	24727852	0110	0111
chr22	25845072	0110	0111
chr22	25929747	0110	0111
chr22	26938375	0110	0111
chr22	27852648	0110	0111
chr22	30634112	0110	0111
chr22	31747533	0110	0111
chr22	31930160	0110	0111
chr22	31937085	0110	0111
chr22	35421178	0110	0111
chr22	35428389	0110	0111
chr22	35725531	0110	0111
chr22	35964239	0110	0111
chr22	36417435	0110	0111
chr22	38129929	0110	0111
chr22	39440961	0110	0111
chr22	40341379	0110	0111
chr22	40490243	0110	0111
chr22	41188892	0110	0111
chr22	45903661	0110	0111
chr22	46614907	0110	0111
chr22	50428494	0110	0111
chr22	16922846	0110	0110
chr22	17437316	0110	0110
chr22	17708047	0110	0110
chr22	18523367	0110	0110
chr22	19410273	0110	0110
chr22	20786169	0110	0110
chr22	22944021	0110	0110
chr22	23220265	0110	0110
chr22	23448041	0110	0110
chr22	23450944	0110	0110
chr22	23690354	0110	0110
chr22	23805512	0110	0110
chr22	26673313	0110	0110
chr22	27162939	0110	0110
chr22	28160211	0110	0110
chr22	28192903	0110	0110
chr22	28712608	0110	0110
chr22	29914675	0110	0110
chr22	30861415	0110	0110
chr22	31081038	0110	0110
chr22	31978747	0110	0110
chr22	32032340	0110	0110
chr22	32098938	0110	0110
chr22	32556947	0110	0110
chr22	33701785	0110	0110
chr22	34478016	0110	0110
chr22	35550017	0110	0110
chr22	35678950	0110	0110
chr22	35697078	0110	0110
chr22	35734086	0110	0110
chr22	37365385	0110	0110
chr22	37513210	0110	0110
chr22	38237853	0110	0110
chr22	40498532	0110	0110
chr22	41004154	0110	0110
chr22	41368012	0110	0110
chr22	42109464	0110	0110
chr22	42668655	0110	0110
chr22	43452980	0110	0110
chr22	44527953	0110	0110
chr22	44714658	0110	0110
chr22	45215434	0110	0110
chr22	45376398	0110	0110
chr22	45633763	0110	0110
chr22	45647795	0110	0110
chr22	46468602	0110	0110
chr22	46989383	0110	0110
chr22	47482928	0110	0110
chr22	47646914	0110	0110
chr22	48437020	0110	0110
chr22	48517953	0110	0110
chr22	48540208	0110	0110
chr22	49304506	0110	0110
chr22	49588874	0110	0110
chr22	49766864	0110	0110
chr22	50363182	0110	0110
chr22	50638707	0110	0110
chr22	50946816	0110	0110
chr22	51139401	0110	0110
chr22	51159091	0110	0110
chr22	16104668	1001	1111
chr22	18836601	1001	1111
chr22	20298220	1001	1111
chr22	20394502	1001	1111
chr22	25022677	1001	1111
chr22	21732051	1010	1111
chr22	24651963	1010	1111
chr22	35888210	1010	1111
chr22	49074954	1010	1111
chr22	49074977	1010	1111
chr22	49074978	1010	1111
chr22	16078893	1010	1010
chr22	25336642	1010	1010
chr22	25336646	1010	1010
chr22	16250790	0011	0111
chr22	16251281	0011	0111
chr22	16354754	0011	0111
chr22	17055683	0011	0111
chr22	17246710	0011	0111
chr22	17373956	0011	0111
chr22	17413085	0011	0111
chr22	21066930	0011	0111
chr22	21245478	0011	0111
chr22	22763658	0011	0111
chr22	22807580	0011	0111
chr22	23428804	0011	0111
chr22	23856949	0011	0111
chr22	24438716	0011	0111
chr22	24650009	0011	0111
chr22	26029227	0011	0111
chr22	26562927	0011	0111
chr22	27462279	0011	0111
chr22	30065220	0011	0111
chr22	31595246	0011	0111
chr22	32392124	0011	0111
chr22	32399056	0011	0111
chr22	32557118	0011	0111
chr22	32696894	0011	0111
chr22	33036857	0011	0111
chr22	34971232	0011	0111
chr22	35233831	0011	0111
chr22	35241065	0011	0111
chr22	35495604	0011	0111
chr22	38238034	0011	0111
chr22	40636984	0011	0111
chr22	40779501	0011	0111
chr22	40787665	0011	0111
chr22	41397876	0011	0111
chr22	42286984	0011	0111
chr22	43571203	0011	0111
chr22	47215707	0011	0111
chr22	49035255	0011	0111
chr22	49268863	0011	0111
chr22	49793383	0011	0111
chr22	50295538	0011	0111
chr22	50938596	0011	0111
chr22	16296696	1011	1111
chr22	16384689	1011	1111
chr22	16387131	1011	1111
chr22	16507651	1011	1111
chr22	16597156	1011	1111
chr22	16649937	1011	1111
chr22	16659787	1011	1111
chr22	16898206	1011	1111
chr22	16984522	1011	1111
chr22	16990392	1011	1111
chr22	16990407	1011	1111
chr22	19684423	1011	1111
chr22	19947341	1011	1111
chr22	20438352	1011	1111
chr22	20501608	1011	1111
chr22	21066942	1011	1111
chr22	21483320	1011	1111
chr22	25701126	1011	1111
chr22	34954945	1011	1111
chr22	36522612	1011	1111
chr22	38781082	1011	1111
chr22	38781817	1011	1111
chr22	48686513	1011	1111
chr22	49074933	1011	1111
chr22	49209303	1011	1111
chr22	50253683	1011	1111
chr22	50467091	1011	1111
chr22	51118478	1011	1111
chr22	16379072	1011	1011
chr22	21665168	1011	1011
