-----
Chromosome	Location	Original Code	New Code
-----
chr22	16104668	1101	1111
chr22	16151692	1101	1111
chr22	16236958	1101	1111
chr22	16364901	1101	1111
chr22	16365289	1101	1111
chr22	16387131	1101	1111
chr22	16411235	1101	1111
chr22	16661856	1101	1111
chr22	16893598	1101	1111
chr22	17050777	1101	1111
chr22	17251988	1101	1111
chr22	18836501	1101	1111
chr22	18836515	1101	1111
chr22	19947341	1101	1111
chr22	19947346	1101	1111
chr22	19947347	1101	1111
chr22	19947361	1101	1111
chr22	20377592	1101	1111
chr22	21602657	1101	1111
chr22	22620837	1101	1111
chr22	23247290	1101	1111
chr22	24323878	1101	1111
chr22	25642250	1101	1111
chr22	25642251	1101	1111
chr22	38787689	1101	1111
chr22	42914974	1101	1111
chr22	44509392	1101	1111
chr22	48648081	1101	1111
chr22	48648411	1101	1111
chr22	16296696	1101	1101
chr22	20493176	1101	1101
chr22	25002850	1101	1101
chr22	17373889	1100	1111
chr22	21718239	1100	1111
chr22	25336642	1100	1111
chr22	44510539	1100	1111
chr22	38781082	1100	1100
chr22	16078893	1110	1111
chr22	16081329	1110	1111
chr22	16411304	1110	1111
chr22	16411311	1110	1111
chr22	16525590	1110	1111
chr22	16956445	1110	1111
chr22	17230141	1110	1111
chr22	17373956	1110	1111
chr22	18780549	1110	1111
chr22	18789625	1110	1111
chr22	21689805	1110	1111
chr22	23661800	1110	1111
chr22	24651330	1110	1111
chr22	24651349	1110	1111
chr22	25016121	1110	1111
chr22	34955700	1110	1111
chr22	47256013	1110	1111
chr22	48875229	1110	1111
chr22	49074933	1110	1111
chr22	49122409	1110	1111
chr22	49258245	1110	1111
chr22	16250862	1110	1110
chr22	16573733	1110	1110
chr22	21063672	1110	1110
chr22	21626227	1110	1110
chr22	21720452	1110	1110
chr22	22979131	1110	1110
chr22	32846128	1110	1110
chr22	18242635	0101	0111
chr22	18448036	0101	0111
chr22	19077402	0101	0111
chr22	19507572	0101	0111
chr22	20921044	0101	0111
chr22	21732051	0101	0111
chr22	22448414	0101	0111
chr22	24651963	0101	0111
chr22	25629516	0101	0111
chr22	26650081	0101	0111
chr22	27200553	0101	0111
chr22	27768853	0101	0111
chr22	29097752	0101	0111
chr22	32162653	0101	0111
chr22	32964250	0101	0111
chr22	34065113	0101	0111
chr22	34866645	0101	0111
chr22	35563729	0101	0111
chr22	35891593	0101	0111
chr22	36426723	0101	0111
chr22	37361124	0101	0111
chr22	37725963	0101	0111
chr22	38787703	0101	0111
chr22	41659087	0101	0111
chr22	42524206	0101	0111
chr22	43570602	0101	0111
chr22	44092453	0101	0111
chr22	44425411	0101	0111
chr22	46123248	0101	0111
chr22	47586846	0101	0111
chr22	47595322	0101	0111
chr22	48432678	0101	0111
chr22	49837942	0101	0111
chr22	50464834	0101	0111
chr22	51118478	0101	0111
chr22	17640918	0101	0101
chr22	18015809	0101	0101
chr22	18577304	0101	0101
chr22	20976513	0101	0101
chr22	21219710	0101	0101
chr22	22680408	0101	0101
chr22	24373803	0101	0101
chr22	25489180	0101	0101
chr22	26757855	0101	0101
chr22	26760960	0101	0101
chr22	27049182	0101	0101
chr22	27181839	0101	0101
chr22	27718074	0101	0101
chr22	31174343	0101	0101
chr22	33519861	0101	0101
chr22	33695894	0101	0101
chr22	35061030	0101	0101
chr22	35493754	0101	0101
chr22	35896147	0101	0101
chr22	36269878	0101	0101
chr22	36307324	0101	0101
chr22	37587379	0101	0101
chr22	38378429	0101	0101
chr22	38512875	0101	0101
chr22	38906946	0101	0101
chr22	39998029	0101	0101
chr22	40163158	0101	0101
chr22	44602230	0101	0101
chr22	44611920	0101	0101
chr22	45375935	0101	0101
chr22	45744634	0101	0101
chr22	46485378	0101	0101
chr22	46773002	0101	0101
chr22	46852878	0101	0101
chr22	46970778	0101	0101
chr22	48725624	0101	0101
chr22	16239397	0110	0111
chr22	16546581	0110	0111
chr22	18823741	0110	0111
chr22	20749268	0110	0111
chr22	21156560	0110	0111
chr22	21625196	0110	0111
chr22	21683529	0110	0111
chr22	22752201	0110	0111
chr22	27628567	0110	0111
chr22	27916096	0110	0111
chr22	32140765	0110	0111
chr22	32784703	0110	0111
chr22	34308780	0110	0111
chr22	34548126	0110	0111
chr22	37002810	0110	0111
chr22	37282140	0110	0111
chr22	41877215	0110	0111
chr22	41878717	0110	0111
chr22	44179604	0110	0111
chr22	45280557	0110	0111
chr22	46107519	0110	0111
chr22	49660076	0110	0111
chr22	50349498	0110	0111
chr22	50595809	0110	0111
chr22	16695096	0110	0110
chr22	35887686	0110	0110
chr22	18791458	1001	1111
chr22	21718120	1001	1111
chr22	21819437	1001	1111
chr22	16406130	1001	1001
chr22	34536324	1001	1001
chr22	20322149	1010	1111
chr22	20627265	1010	1010
chr22	31846827	1010	1010
chr22	31846828	1010	1010
chr22	31846829	1010	1010
chr22	31846830	1010	1010
chr22	16078974	1011	1111
chr22	16098314	1011	1111
chr22	16099957	1011	1111
chr22	16229769	1011	1111
chr22	16347639	1011	1111
chr22	16364923	1011	1111
chr22	16649937	1011	1111
chr22	16661659	1011	1111
chr22	16973059	1011	1111
chr22	16973063	1011	1111
chr22	17031420	1011	1111
chr22	17031421	1011	1111
chr22	18725820	1011	1111
chr22	18748118	1011	1111
chr22	20449216	1011	1111
chr22	20624711	1011	1111
chr22	21049094	1011	1111
chr22	21050418	1011	1111
chr22	22980270	1011	1111
chr22	25022677	1011	1111
chr22	47255448	1011	1111
chr22	49074885	1011	1111
chr22	16346070	1011	1011
chr22	16413575	1011	1011
chr22	16898206	1011	1011
chr22	20706869	1011	1011
chr22	32695314	1011	1011
