-----
Chromosome	Location	Original Code	New Code
-----
chr22	16078974	1101	1111
chr22	16250790	1101	1111
chr22	16319620	1101	1111
chr22	16345547	1101	1111
chr22	16345549	1101	1111
chr22	16365117	1101	1111
chr22	16462467	1101	1111
chr22	16489115	1101	1111
chr22	16546581	1101	1111
chr22	16643862	1101	1111
chr22	16664166	1101	1111
chr22	16990407	1101	1111
chr22	17683431	1101	1111
chr22	18290268	1101	1111
chr22	18544067	1101	1111
chr22	18767839	1101	1111
chr22	18836501	1101	1111
chr22	19000093	1101	1111
chr22	19138729	1101	1111
chr22	19742958	1101	1111
chr22	19846840	1101	1111
chr22	20298220	1101	1111
chr22	20330148	1101	1111
chr22	20346278	1101	1111
chr22	21023811	1101	1111
chr22	21531227	1101	1111
chr22	21548497	1101	1111
chr22	21635607	1101	1111
chr22	22017433	1101	1111
chr22	22745004	1101	1111
chr22	22907430	1101	1111
chr22	22913499	1101	1111
chr22	22980270	1101	1111
chr22	23536927	1101	1111
chr22	23882933	1101	1111
chr22	23925953	1101	1111
chr22	26690447	1101	1111
chr22	26701218	1101	1111
chr22	26777169	1101	1111
chr22	26971636	1101	1111
chr22	26990585	1101	1111
chr22	27488432	1101	1111
chr22	28298711	1101	1111
chr22	28477058	1101	1111
chr22	29213255	1101	1111
chr22	29405208	1101	1111
chr22	30378393	1101	1111
chr22	30791461	1101	1111
chr22	30957596	1101	1111
chr22	31195204	1101	1111
chr22	31271792	1101	1111
chr22	32210317	1101	1111
chr22	32810607	1101	1111
chr22	33808099	1101	1111
chr22	33834754	1101	1111
chr22	34246887	1101	1111
chr22	34768372	1101	1111
chr22	35010483	1101	1111
chr22	35596522	1101	1111
chr22	35732158	1101	1111
chr22	36655987	1101	1111
chr22	36979250	1101	1111
chr22	37006136	1101	1111
chr22	37516307	1101	1111
chr22	37612500	1101	1111
chr22	38226001	1101	1111
chr22	39442341	1101	1111
chr22	39726100	1101	1111
chr22	40121248	1101	1111
chr22	40131236	1101	1111
chr22	40565980	1101	1111
chr22	40685705	1101	1111
chr22	41954307	1101	1111
chr22	42272911	1101	1111
chr22	43573920	1101	1111
chr22	43956039	1101	1111
chr22	44775880	1101	1111
chr22	44952529	1101	1111
chr22	45247415	1101	1111
chr22	45626270	1101	1111
chr22	46923728	1101	1111
chr22	47389581	1101	1111
chr22	47916510	1101	1111
chr22	47992978	1101	1111
chr22	48739205	1101	1111
chr22	50228924	1101	1111
chr22	50237733	1101	1111
chr22	50904218	1101	1111
chr22	51075240	1101	1111
chr22	51121171	1101	1111
chr22	51176451	1101	1111
chr22	16078893	1101	1101
chr22	16096700	1101	1101
chr22	16202142	1101	1101
chr22	16277245	1101	1101
chr22	16288150	1101	1101
chr22	16296327	1101	1101
chr22	16351748	1101	1101
chr22	16379072	1101	1101
chr22	16380583	1101	1101
chr22	16524793	1101	1101
chr22	16675611	1101	1101
chr22	16906231	1101	1101
chr22	16922688	1101	1101
chr22	16938516	1101	1101
chr22	17009712	1101	1101
chr22	17097655	1101	1101
chr22	17171715	1101	1101
chr22	17284690	1101	1101
chr22	17426513	1101	1101
chr22	17434547	1101	1101
chr22	17451406	1101	1101
chr22	17644481	1101	1101
chr22	17711998	1101	1101
chr22	17718678	1101	1101
chr22	17726126	1101	1101
chr22	17732305	1101	1101
chr22	17762211	1101	1101
chr22	17821015	1101	1101
chr22	17855258	1101	1101
chr22	17947079	1101	1101
chr22	17985406	1101	1101
chr22	18009418	1101	1101
chr22	18074265	1101	1101
chr22	18103441	1101	1101
chr22	18218250	1101	1101
chr22	18394395	1101	1101
chr22	18425382	1101	1101
chr22	18433607	1101	1101
chr22	18585192	1101	1101
chr22	18620398	1101	1101
chr22	18727740	1101	1101
chr22	18730938	1101	1101
chr22	18980798	1101	1101
chr22	19000036	1101	1101
chr22	19005847	1101	1101
chr22	19060827	1101	1101
chr22	19135381	1101	1101
chr22	19222460	1101	1101
chr22	19239425	1101	1101
chr22	19275944	1101	1101
chr22	19315657	1101	1101
chr22	19331096	1101	1101
chr22	19412637	1101	1101
chr22	19415239	1101	1101
chr22	19423434	1101	1101
chr22	19438241	1101	1101
chr22	19463424	1101	1101
chr22	19546273	1101	1101
chr22	19611758	1101	1101
chr22	19714042	1101	1101
chr22	19748374	1101	1101
chr22	19812645	1101	1101
chr22	19829258	1101	1101
chr22	19978386	1101	1101
chr22	20048375	1101	1101
chr22	20071781	1101	1101
chr22	20093836	1101	1101
chr22	20197025	1101	1101
chr22	20297085	1101	1101
chr22	20330513	1101	1101
chr22	20877282	1101	1101
chr22	20882942	1101	1101
chr22	20935069	1101	1101
chr22	20981264	1101	1101
chr22	21000074	1101	1101
chr22	21005501	1101	1101
chr22	21049545	1101	1101
chr22	21117682	1101	1101
chr22	21187665	1101	1101
chr22	21224915	1101	1101
chr22	21227085	1101	1101
chr22	21277127	1101	1101
chr22	21313687	1101	1101
chr22	21314915	1101	1101
chr22	21349392	1101	1101
chr22	21372875	1101	1101
chr22	21520104	1101	1101
chr22	21681235	1101	1101
chr22	21797491	1101	1101
chr22	21834268	1101	1101
chr22	21845643	1101	1101
chr22	22035713	1101	1101
chr22	22038683	1101	1101
chr22	22064434	1101	1101
chr22	22083678	1101	1101
chr22	22175533	1101	1101
chr22	22259926	1101	1101
chr22	22399170	1101	1101
chr22	22408052	1101	1101
chr22	22475945	1101	1101
chr22	22497314	1101	1101
chr22	22514864	1101	1101
chr22	22517808	1101	1101
chr22	22572492	1101	1101
chr22	22623183	1101	1101
chr22	22831094	1101	1101
chr22	22914315	1101	1101
chr22	22948112	1101	1101
chr22	23015573	1101	1101
chr22	23105313	1101	1101
chr22	23136187	1101	1101
chr22	23178463	1101	1101
chr22	23203662	1101	1101
chr22	23278877	1101	1101
chr22	23521394	1101	1101
chr22	23532095	1101	1101
chr22	23595861	1101	1101
chr22	23626179	1101	1101
chr22	23650895	1101	1101
chr22	23682732	1101	1101
chr22	23692436	1101	1101
chr22	23901733	1101	1101
chr22	23927571	1101	1101
chr22	23976844	1101	1101
chr22	24061478	1101	1101
chr22	24113978	1101	1101
chr22	24119512	1101	1101
chr22	24199712	1101	1101
chr22	24204116	1101	1101
chr22	24277358	1101	1101
chr22	24287485	1101	1101
chr22	24351956	1101	1101
chr22	24367461	1101	1101
chr22	24370279	1101	1101
chr22	24388203	1101	1101
chr22	24575354	1101	1101
chr22	24742655	1101	1101
chr22	24842961	1101	1101
chr22	24962886	1101	1101
chr22	24985290	1101	1101
chr22	25095042	1101	1101
chr22	25184862	1101	1101
chr22	25327208	1101	1101
chr22	25334093	1101	1101
chr22	25452271	1101	1101
chr22	25533665	1101	1101
chr22	25642780	1101	1101
chr22	25690541	1101	1101
chr22	25707829	1101	1101
chr22	25793421	1101	1101
chr22	25864642	1101	1101
chr22	25904816	1101	1101
chr22	25973193	1101	1101
chr22	26003020	1101	1101
chr22	26027725	1101	1101
chr22	26162306	1101	1101
chr22	26212624	1101	1101
chr22	26215711	1101	1101
chr22	26333454	1101	1101
chr22	26392611	1101	1101
chr22	26414617	1101	1101
chr22	26446321	1101	1101
chr22	26463607	1101	1101
chr22	26498753	1101	1101
chr22	26514389	1101	1101
chr22	26581202	1101	1101
chr22	26641039	1101	1101
chr22	26651583	1101	1101
chr22	26666967	1101	1101
chr22	26720049	1101	1101
chr22	26751004	1101	1101
chr22	26764284	1101	1101
chr22	26838321	1101	1101
chr22	26876377	1101	1101
chr22	26995160	1101	1101
chr22	27029720	1101	1101
chr22	27036390	1101	1101
chr22	27152441	1101	1101
chr22	27154657	1101	1101
chr22	27176374	1101	1101
chr22	27210064	1101	1101
chr22	27231830	1101	1101
chr22	27366615	1101	1101
chr22	27403890	1101	1101
chr22	27460218	1101	1101
chr22	27578027	1101	1101
chr22	27658903	1101	1101
chr22	27720660	1101	1101
chr22	27876370	1101	1101
chr22	27921745	1101	1101
chr22	27970869	1101	1101
chr22	28061110	1101	1101
chr22	28159207	1101	1101
chr22	28172598	1101	1101
chr22	28237126	1101	1101
chr22	28260094	1101	1101
chr22	28278603	1101	1101
chr22	28323260	1101	1101
chr22	28354225	1101	1101
chr22	28354672	1101	1101
chr22	28378786	1101	1101
chr22	28439147	1101	1101
chr22	28576274	1101	1101
chr22	28593129	1101	1101
chr22	28691645	1101	1101
chr22	28784962	1101	1101
chr22	28795493	1101	1101
chr22	28818338	1101	1101
chr22	28819101	1101	1101
chr22	29027219	1101	1101
chr22	29106715	1101	1101
chr22	29123702	1101	1101
chr22	29143304	1101	1101
chr22	29334378	1101	1101
chr22	29503832	1101	1101
chr22	29558731	1101	1101
chr22	29619432	1101	1101
chr22	29635878	1101	1101
chr22	29694965	1101	1101
chr22	29744661	1101	1101
chr22	29784892	1101	1101
chr22	29826824	1101	1101
chr22	29844019	1101	1101
chr22	29853656	1101	1101
chr22	29863843	1101	1101
chr22	29886117	1101	1101
chr22	29902905	1101	1101
chr22	29933389	1101	1101
chr22	29945233	1101	1101
chr22	30101750	1101	1101
chr22	30217116	1101	1101
chr22	30282748	1101	1101
chr22	30346963	1101	1101
chr22	30356712	1101	1101
chr22	30399899	1101	1101
chr22	30405934	1101	1101
chr22	30562165	1101	1101
chr22	30621444	1101	1101
chr22	30648516	1101	1101
chr22	30663674	1101	1101
chr22	30700307	1101	1101
chr22	30765016	1101	1101
chr22	30779551	1101	1101
chr22	30793860	1101	1101
chr22	30802299	1101	1101
chr22	30814219	1101	1101
chr22	30828406	1101	1101
chr22	30845939	1101	1101
chr22	30857812	1101	1101
chr22	30869828	1101	1101
chr22	30890711	1101	1101
chr22	30909375	1101	1101
chr22	30918044	1101	1101
chr22	30945795	1101	1101
chr22	31088777	1101	1101
chr22	31116002	1101	1101
chr22	31236272	1101	1101
chr22	31291565	1101	1101
chr22	31324160	1101	1101
chr22	31365423	1101	1101
chr22	31439146	1101	1101
chr22	31444941	1101	1101
chr22	31477373	1101	1101
chr22	31503812	1101	1101
chr22	31558737	1101	1101
chr22	31570626	1101	1101
chr22	31604752	1101	1101
chr22	31760315	1101	1101
chr22	31875381	1101	1101
chr22	31876233	1101	1101
chr22	31925202	1101	1101
chr22	32000388	1101	1101
chr22	32011485	1101	1101
chr22	32048141	1101	1101
chr22	32111552	1101	1101
chr22	32206486	1101	1101
chr22	32220875	1101	1101
chr22	32283305	1101	1101
chr22	32295399	1101	1101
chr22	32339937	1101	1101
chr22	32367208	1101	1101
chr22	32425209	1101	1101
chr22	32591814	1101	1101
chr22	32616911	1101	1101
chr22	32685821	1101	1101
chr22	32743957	1101	1101
chr22	32794237	1101	1101
chr22	32991722	1101	1101
chr22	33034718	1101	1101
chr22	33278542	1101	1101
chr22	33282671	1101	1101
chr22	33296565	1101	1101
chr22	33350770	1101	1101
chr22	33550814	1101	1101
chr22	33553844	1101	1101
chr22	33569968	1101	1101
chr22	33611174	1101	1101
chr22	33620416	1101	1101
chr22	33627168	1101	1101
chr22	33717093	1101	1101
chr22	33733976	1101	1101
chr22	33738230	1101	1101
chr22	33743279	1101	1101
chr22	33938601	1101	1101
chr22	34062341	1101	1101
chr22	34102641	1101	1101
chr22	34266286	1101	1101
chr22	34266370	1101	1101
chr22	34270221	1101	1101
chr22	34308237	1101	1101
chr22	34466500	1101	1101
chr22	34505099	1101	1101
chr22	34550348	1101	1101
chr22	34573538	1101	1101
chr22	34605247	1101	1101
chr22	34655936	1101	1101
chr22	34820950	1101	1101
chr22	34878278	1101	1101
chr22	34897468	1101	1101
chr22	35130873	1101	1101
chr22	35157059	1101	1101
chr22	35184930	1101	1101
chr22	35191542	1101	1101
chr22	35206970	1101	1101
chr22	35257305	1101	1101
chr22	35295349	1101	1101
chr22	35411233	1101	1101
chr22	35445809	1101	1101
chr22	35516039	1101	1101
chr22	35539853	1101	1101
chr22	35731194	1101	1101
chr22	35808396	1101	1101
chr22	35885019	1101	1101
chr22	35900993	1101	1101
chr22	35909363	1101	1101
chr22	35962900	1101	1101
chr22	36037247	1101	1101
chr22	36161637	1101	1101
chr22	36207735	1101	1101
chr22	36235943	1101	1101
chr22	36253534	1101	1101
chr22	36316442	1101	1101
chr22	36337928	1101	1101
chr22	36375515	1101	1101
chr22	36379535	1101	1101
chr22	36399469	1101	1101
chr22	36453612	1101	1101
chr22	36460639	1101	1101
chr22	36475435	1101	1101
chr22	36498496	1101	1101
chr22	36518260	1101	1101
chr22	36553079	1101	1101
chr22	36588252	1101	1101
chr22	36622466	1101	1101
chr22	36689889	1101	1101
chr22	36703322	1101	1101
chr22	36740485	1101	1101
chr22	36784278	1101	1101
chr22	36822189	1101	1101
chr22	36910045	1101	1101
chr22	36911664	1101	1101
chr22	36914697	1101	1101
chr22	36929127	1101	1101
chr22	37139887	1101	1101
chr22	37150566	1101	1101
chr22	37166935	1101	1101
chr22	37350655	1101	1101
chr22	37526642	1101	1101
chr22	37531532	1101	1101
chr22	37642592	1101	1101
chr22	37674896	1101	1101
chr22	37689074	1101	1101
chr22	37693168	1101	1101
chr22	37734406	1101	1101
chr22	37780030	1101	1101
chr22	37854207	1101	1101
chr22	37911818	1101	1101
chr22	37958867	1101	1101
chr22	37967395	1101	1101
chr22	37968992	1101	1101
chr22	37971379	1101	1101
chr22	38033989	1101	1101
chr22	38039189	1101	1101
chr22	38041024	1101	1101
chr22	38043427	1101	1101
chr22	38053302	1101	1101
chr22	38143300	1101	1101
chr22	38165838	1101	1101
chr22	38210544	1101	1101
chr22	38216049	1101	1101
chr22	38273971	1101	1101
chr22	38401017	1101	1101
chr22	38407126	1101	1101
chr22	38453159	1101	1101
chr22	38571538	1101	1101
chr22	38641122	1101	1101
chr22	38699729	1101	1101
chr22	38761719	1101	1101
chr22	38800251	1101	1101
chr22	38956993	1101	1101
chr22	38966140	1101	1101
chr22	39008656	1101	1101
chr22	39037979	1101	1101
chr22	39150673	1101	1101
chr22	39238517	1101	1101
chr22	39314939	1101	1101
chr22	39343277	1101	1101
chr22	39396467	1101	1101
chr22	39453457	1101	1101
chr22	39791592	1101	1101
chr22	39820402	1101	1101
chr22	39864482	1101	1101
chr22	39874057	1101	1101
chr22	39879462	1101	1101
chr22	39917371	1101	1101
chr22	39939206	1101	1101
chr22	39948584	1101	1101
chr22	40033172	1101	1101
chr22	40105255	1101	1101
chr22	40119058	1101	1101
chr22	40160528	1101	1101
chr22	40208604	1101	1101
chr22	40221828	1101	1101
chr22	40265902	1101	1101
chr22	40334971	1101	1101
chr22	40356875	1101	1101
chr22	40448682	1101	1101
chr22	40467795	1101	1101
chr22	40509338	1101	1101
chr22	40525535	1101	1101
chr22	40544797	1101	1101
chr22	40607413	1101	1101
chr22	40680444	1101	1101
chr22	40689889	1101	1101
chr22	40756200	1101	1101
chr22	40860493	1101	1101
chr22	40919945	1101	1101
chr22	40968009	1101	1101
chr22	40998924	1101	1101
chr22	41017249	1101	1101
chr22	41017278	1101	1101
chr22	41040474	1101	1101
chr22	41058316	1101	1101
chr22	41226905	1101	1101
chr22	41263870	1101	1101
chr22	41315065	1101	1101
chr22	41318110	1101	1101
chr22	41319977	1101	1101
chr22	41330380	1101	1101
chr22	41346963	1101	1101
chr22	41372634	1101	1101
chr22	41537532	1101	1101
chr22	41548216	1101	1101
chr22	41667355	1101	1101
chr22	41710661	1101	1101
chr22	41751810	1101	1101
chr22	41799173	1101	1101
chr22	41942871	1101	1101
chr22	41949412	1101	1101
chr22	42055468	1101	1101
chr22	42095096	1101	1101
chr22	42099696	1101	1101
chr22	42162670	1101	1101
chr22	42207235	1101	1101
chr22	42600369	1101	1101
chr22	42625664	1101	1101
chr22	42679738	1101	1101
chr22	42705680	1101	1101
chr22	42758857	1101	1101
chr22	42769944	1101	1101
chr22	42858032	1101	1101
chr22	42871943	1101	1101
chr22	43016110	1101	1101
chr22	43138496	1101	1101
chr22	43216116	1101	1101
chr22	43226816	1101	1101
chr22	43254924	1101	1101
chr22	43475519	1101	1101
chr22	43520096	1101	1101
chr22	43564417	1101	1101
chr22	43607532	1101	1101
chr22	43619215	1101	1101
chr22	43687188	1101	1101
chr22	43698732	1101	1101
chr22	43739935	1101	1101
chr22	43765949	1101	1101
chr22	43788304	1101	1101
chr22	43807036	1101	1101
chr22	43832899	1101	1101
chr22	43835374	1101	1101
chr22	43899935	1101	1101
chr22	43969167	1101	1101
chr22	44042665	1101	1101
chr22	44321405	1101	1101
chr22	44337571	1101	1101
chr22	44419122	1101	1101
chr22	44431212	1101	1101
chr22	44445047	1101	1101
chr22	44452530	1101	1101
chr22	44477469	1101	1101
chr22	44564237	1101	1101
chr22	44611434	1101	1101
chr22	44623928	1101	1101
chr22	44730138	1101	1101
chr22	44738978	1101	1101
chr22	44772454	1101	1101
chr22	44775132	1101	1101
chr22	44840671	1101	1101
chr22	44885284	1101	1101
chr22	44996903	1101	1101
chr22	45183321	1101	1101
chr22	45192687	1101	1101
chr22	45322416	1101	1101
chr22	45329586	1101	1101
chr22	45525441	1101	1101
chr22	45531480	1101	1101
chr22	45557582	1101	1101
chr22	45589205	1101	1101
chr22	45602656	1101	1101
chr22	45637284	1101	1101
chr22	45669670	1101	1101
chr22	45750627	1101	1101
chr22	45769382	1101	1101
chr22	45931444	1101	1101
chr22	46072370	1101	1101
chr22	46132966	1101	1101
chr22	46178300	1101	1101
chr22	46184012	1101	1101
chr22	46260133	1101	1101
chr22	46306384	1101	1101
chr22	46358098	1101	1101
chr22	46441244	1101	1101
chr22	46441991	1101	1101
chr22	46442087	1101	1101
chr22	46458410	1101	1101
chr22	46469291	1101	1101
chr22	46586306	1101	1101
chr22	46614100	1101	1101
chr22	46641270	1101	1101
chr22	46672655	1101	1101
chr22	46702978	1101	1101
chr22	46706247	1101	1101
chr22	46739431	1101	1101
chr22	46744626	1101	1101
chr22	46763523	1101	1101
chr22	46863091	1101	1101
chr22	46868420	1101	1101
chr22	46933477	1101	1101
chr22	46940647	1101	1101
chr22	46977972	1101	1101
chr22	47000949	1101	1101
chr22	47045801	1101	1101
chr22	47062948	1101	1101
chr22	47172031	1101	1101
chr22	47216720	1101	1101
chr22	47392012	1101	1101
chr22	47414560	1101	1101
chr22	47443231	1101	1101
chr22	47467749	1101	1101
chr22	47628098	1101	1101
chr22	47665630	1101	1101
chr22	47677030	1101	1101
chr22	47681222	1101	1101
chr22	47716661	1101	1101
chr22	47718591	1101	1101
chr22	47785847	1101	1101
chr22	47868919	1101	1101
chr22	47959558	1101	1101
chr22	47998261	1101	1101
chr22	48119703	1101	1101
chr22	48149018	1101	1101
chr22	48171662	1101	1101
chr22	48194420	1101	1101
chr22	48214331	1101	1101
chr22	48303907	1101	1101
chr22	48361323	1101	1101
chr22	48404573	1101	1101
chr22	48421234	1101	1101
chr22	48499517	1101	1101
chr22	48531278	1101	1101
chr22	48545430	1101	1101
chr22	48587209	1101	1101
chr22	48640702	1101	1101
chr22	48647477	1101	1101
chr22	48652221	1101	1101
chr22	48711146	1101	1101
chr22	48815287	1101	1101
chr22	48852342	1101	1101
chr22	48940798	1101	1101
chr22	49020971	1101	1101
chr22	49172383	1101	1101
chr22	49178460	1101	1101
chr22	49310507	1101	1101
chr22	49442770	1101	1101
chr22	49468072	1101	1101
chr22	49476466	1101	1101
chr22	49492459	1101	1101
chr22	49492904	1101	1101
chr22	49592469	1101	1101
chr22	49643279	1101	1101
chr22	49672305	1101	1101
chr22	49690006	1101	1101
chr22	49759202	1101	1101
chr22	49805006	1101	1101
chr22	49808758	1101	1101
chr22	50089775	1101	1101
chr22	50230729	1101	1101
chr22	50505652	1101	1101
chr22	50511788	1101	1101
chr22	50632632	1101	1101
chr22	50658651	1101	1101
chr22	50687112	1101	1101
chr22	50850502	1101	1101
chr22	50891580	1101	1101
chr22	50908965	1101	1101
chr22	50994622	1101	1101
chr22	50994964	1101	1101
chr22	51019955	1101	1101
chr22	51030667	1101	1101
chr22	51098660	1101	1101
chr22	51151623	1101	1101
chr22	16061992	1110	1111
chr22	16229769	1110	1111
chr22	16251281	1110	1111
chr22	16288739	1110	1111
chr22	16365289	1110	1111
chr22	16386267	1110	1111
chr22	16409666	1110	1111
chr22	16463039	1110	1111
chr22	16898206	1110	1111
chr22	16973059	1110	1111
chr22	16973063	1110	1111
chr22	16984522	1110	1111
chr22	17374498	1110	1111
chr22	18655607	1110	1111
chr22	18752106	1110	1111
chr22	20298581	1110	1111
chr22	20322687	1110	1111
chr22	20394502	1110	1111
chr22	21684367	1110	1111
chr22	21693697	1110	1111
chr22	21719813	1110	1111
chr22	24009444	1110	1111
chr22	25016121	1110	1111
chr22	25697952	1110	1111
chr22	35563729	1110	1111
chr22	48648411	1110	1111
chr22	49951798	1110	1111
chr22	16394113	1110	1110
chr22	43202339	1110	1110
chr22	16347639	0111	1111
chr22	16590575	0111	1111
chr22	16590578	0111	1111
chr22	16590588	0111	1111
chr22	16695829	0111	1111
chr22	17050777	0111	1111
chr22	17374133	0111	1111
chr22	19098229	0111	1111
chr22	20457204	0111	1111
chr22	20468502	0111	1111
chr22	23242288	0111	1111
chr22	23669869	0111	1111
chr22	23669878	0111	1111
chr22	24655886	0111	1111
chr22	43475169	0111	1111
chr22	44509392	0111	1111
chr22	44510591	0111	1111
chr22	45280557	0111	1111
chr22	49249195	0111	1111
chr22	51195292	0111	1111
chr22	16956445	0111	0111
chr22	17374102	0111	0111
chr22	18768197	0111	0111
chr22	20650506	0111	0111
chr22	16228618	0101	1111
chr22	16340551	0101	1111
chr22	18361215	0101	1111
chr22	23972780	0101	1111
chr22	24323878	0101	1111
chr22	25022677	0101	1111
chr22	25098702	0101	1111
chr22	38859623	0101	1111
chr22	47853691	0101	1111
chr22	50151430	0101	1111
chr22	16090381	0101	0101
chr22	16589610	0101	0101
chr22	16990371	0101	0101
chr22	17989554	0101	0101
chr22	18222318	0101	0101
chr22	18572480	0101	0101
chr22	18577784	0101	0101
chr22	18843307	0101	0101
chr22	19072288	0101	0101
chr22	19449705	0101	0101
chr22	19558041	0101	0101
chr22	20007936	0101	0101
chr22	20267978	0101	0101
chr22	23615673	0101	0101
chr22	23634602	0101	0101
chr22	24052906	0101	0101
chr22	24629187	0101	0101
chr22	26722736	0101	0101
chr22	26969496	0101	0101
chr22	27003127	0101	0101
chr22	28039366	0101	0101
chr22	28872957	0101	0101
chr22	30831608	0101	0101
chr22	31836313	0101	0101
chr22	32501378	0101	0101
chr22	32544064	0101	0101
chr22	32605972	0101	0101
chr22	33695528	0101	0101
chr22	33868055	0101	0101
chr22	33916401	0101	0101
chr22	35617812	0101	0101
chr22	36731610	0101	0101
chr22	36926173	0101	0101
chr22	37217949	0101	0101
chr22	37372384	0101	0101
chr22	38606214	0101	0101
chr22	39309337	0101	0101
chr22	39429198	0101	0101
chr22	40131228	0101	0101
chr22	40601625	0101	0101
chr22	40717984	0101	0101
chr22	41272072	0101	0101
chr22	42157761	0101	0101
chr22	42391034	0101	0101
chr22	44730101	0101	0101
chr22	45150253	0101	0101
chr22	46416593	0101	0101
chr22	47416912	0101	0101
chr22	47465830	0101	0101
chr22	47642820	0101	0101
chr22	48495243	0101	0101
chr22	48606016	0101	0101
chr22	49113986	0101	0101
chr22	49168234	0101	0101
chr22	50486465	0101	0101
chr22	50936906	0101	0101
chr22	22440279	0110	0110
chr22	16364923	1001	1111
chr22	16420182	1001	1111
chr22	18802400	1001	1111
chr22	19647228	1001	1111
chr22	19688482	1001	1111
chr22	19688483	1001	1111
chr22	19947359	1001	1111
chr22	35594028	1001	1111
chr22	37372315	1001	1111
chr22	42232152	1001	1111
chr22	44984920	1001	1111
chr22	46496907	1001	1111
chr22	47000916	1001	1111
chr22	50467481	1001	1111
chr22	17706086	1001	1001
chr22	17759853	1001	1001
chr22	17897773	1001	1001
chr22	18752829	1001	1001
chr22	18844942	1001	1001
chr22	19022175	1001	1001
chr22	20025490	1001	1001
chr22	21605678	1001	1001
chr22	22447589	1001	1001
chr22	23863700	1001	1001
chr22	24765003	1001	1001
chr22	24967993	1001	1001
chr22	26110164	1001	1001
chr22	27275301	1001	1001
chr22	27352027	1001	1001
chr22	27494097	1001	1001
chr22	28695737	1001	1001
chr22	28995206	1001	1001
chr22	29363442	1001	1001
chr22	29687826	1001	1001
chr22	30758490	1001	1001
chr22	30901166	1001	1001
chr22	31200257	1001	1001
chr22	32297305	1001	1001
chr22	33050562	1001	1001
chr22	33195950	1001	1001
chr22	33626857	1001	1001
chr22	33676355	1001	1001
chr22	33810536	1001	1001
chr22	33913034	1001	1001
chr22	34654129	1001	1001
chr22	35135717	1001	1001
chr22	36235556	1001	1001
chr22	37004113	1001	1001
chr22	37191151	1001	1001
chr22	37489663	1001	1001
chr22	37732099	1001	1001
chr22	38917212	1001	1001
chr22	40947827	1001	1001
chr22	41166667	1001	1001
chr22	41280341	1001	1001
chr22	42164636	1001	1001
chr22	43098028	1001	1001
chr22	47069741	1001	1001
chr22	47645370	1001	1001
chr22	48031387	1001	1001
chr22	49681019	1001	1001
chr22	16537357	1010	1111
chr22	17373956	1010	1111
chr22	44509903	1010	1111
chr22	42563529	1010	1010
chr22	16104668	1011	1111
chr22	16384689	1011	1111
chr22	16696591	1011	1111
chr22	17145814	1011	1111
chr22	17251435	1011	1111
chr22	17251988	1011	1111
chr22	18652023	1011	1111
chr22	18841052	1011	1111
chr22	19947361	1011	1111
chr22	21050418	1011	1111
chr22	21470346	1011	1111
chr22	21586643	1011	1111
chr22	21625385	1011	1111
chr22	23680589	1011	1111
chr22	24651963	1011	1111
chr22	25070472	1011	1111
chr22	49074950	1011	1111
chr22	50746656	1011	1111
chr22	18823772	1011	1011
chr22	21624702	1011	1011
chr22	22970974	1011	1011
chr22	35076455	1011	1011
SUBPOPULATION MOVEMENTS
-----
chr22	16083573	1100	1101
chr22	16097674	1100	1101
chr22	16136712	1100	1101
chr22	16324189	1100	1101
chr22	16348768	1100	1101
chr22	16540771	1100	1101
chr22	16648599	1100	1101
chr22	16671004	1100	1101
chr22	16903839	1100	1101
chr22	16905217	1100	1101
chr22	16921042	1100	1101
chr22	16939959	1100	1101
chr22	16950294	1100	1101
chr22	16966539	1100	1101
chr22	16970519	1100	1101
chr22	16981879	1100	1101
chr22	16984569	1100	1101
chr22	17043071	1100	1101
chr22	17054584	1100	1101
chr22	17082187	1100	1101
chr22	17089453	1100	1101
chr22	17124078	1100	1101
chr22	17152891	1100	1101
chr22	17171488	1100	1101
chr22	17172111	1100	1101
chr22	17183583	1100	1101
chr22	17204351	1100	1101
chr22	17214922	1100	1101
chr22	17255011	1100	1101
chr22	17272525	1100	1101
chr22	17276352	1100	1101
chr22	17287690	1100	1101
chr22	17287865	1100	1101
chr22	17315712	1100	1101
chr22	17322152	1100	1101
chr22	17341777	1100	1101
chr22	17362568	1100	1101
chr22	17364247	1100	1101
chr22	17381737	1100	1101
chr22	17437905	1100	1101
chr22	17449250	1100	1101
chr22	17461989	1100	1101
chr22	17487559	1100	1101
chr22	17491213	1100	1101
chr22	17491748	1100	1101
chr22	17492937	1100	1101
chr22	17545047	1100	1101
chr22	17547652	1100	1101
chr22	17566600	1100	1101
chr22	17638769	1100	1101
chr22	17640665	1100	1101
chr22	17660213	1100	1101
chr22	17672114	1100	1101
chr22	17689865	1100	1101
chr22	17691984	1100	1101
chr22	17715086	1100	1101
chr22	17721392	1100	1101
chr22	17721714	1100	1101
chr22	17744180	1100	1101
chr22	17797216	1100	1101
chr22	17801300	1100	1101
chr22	17816086	1100	1101
chr22	17858699	1100	1101
chr22	17881435	1100	1101
chr22	17883891	1100	1101
chr22	17913593	1100	1101
chr22	17922066	1100	1101
chr22	18039924	1100	1101
chr22	18050694	1100	1101
chr22	18056683	1100	1101
chr22	18062067	1100	1101
chr22	18076156	1100	1101
chr22	18077453	1100	1101
chr22	18092359	1100	1101
chr22	18146537	1100	1101
chr22	18155366	1100	1101
chr22	18174807	1100	1101
chr22	18184702	1100	1101
chr22	18190047	1100	1101
chr22	18234555	1100	1101
chr22	18238601	1100	1101
chr22	18262696	1100	1101
chr22	18276939	1100	1101
chr22	18279648	1100	1101
chr22	18308157	1100	1101
chr22	18319210	1100	1101
chr22	18334019	1100	1101
chr22	18348583	1100	1101
chr22	18352846	1100	1101
chr22	18362059	1100	1101
chr22	18396020	1100	1101
chr22	18399315	1100	1101
chr22	18421403	1100	1101
chr22	18453886	1100	1101
chr22	18466227	1100	1101
chr22	18470132	1100	1101
chr22	18499427	1100	1101
chr22	18506529	1100	1101
chr22	18524208	1100	1101
chr22	18528964	1100	1101
chr22	18536766	1100	1101
chr22	18559174	1100	1101
chr22	18591978	1100	1101
chr22	18606149	1100	1101
chr22	18726105	1100	1101
chr22	18882289	1100	1101
chr22	18885259	1100	1101
chr22	18925467	1100	1101
chr22	18946050	1100	1101
chr22	18954674	1100	1101
chr22	18959486	1100	1101
chr22	18963169	1100	1101
chr22	18967898	1100	1101
chr22	18985567	1100	1101
chr22	18994471	1100	1101
chr22	18999614	1100	1101
chr22	19022093	1100	1101
chr22	19031674	1100	1101
chr22	19104586	1100	1101
chr22	19162768	1100	1101
chr22	19225410	1100	1101
chr22	19232341	1100	1101
chr22	19263879	1100	1101
chr22	19282396	1100	1101
chr22	19284425	1100	1101
chr22	19299097	1100	1101
chr22	19310803	1100	1101
chr22	19323742	1100	1101
chr22	19355266	1100	1101
chr22	19369668	1100	1101
chr22	19412828	1100	1101
chr22	19466324	1100	1101
chr22	19467001	1100	1101
chr22	19476511	1100	1101
chr22	19496561	1100	1101
chr22	19510793	1100	1101
chr22	19540261	1100	1101
chr22	19640279	1100	1101
chr22	19646651	1100	1101
chr22	19667803	1100	1101
chr22	19669883	1100	1101
chr22	19684073	1100	1101
chr22	19701392	1100	1101
chr22	19703126	1100	1101
chr22	19710749	1100	1101
chr22	19738639	1100	1101
chr22	19767075	1100	1101
chr22	19805859	1100	1101
chr22	19852206	1100	1101
chr22	19859041	1100	1101
chr22	19862970	1100	1101
chr22	19863125	1100	1101
chr22	19876035	1100	1101
chr22	19900931	1100	1101
chr22	19930328	1100	1101
chr22	20003379	1100	1101
chr22	20054200	1100	1101
chr22	20107235	1100	1101
chr22	20117518	1100	1101
chr22	20147224	1100	1101
chr22	20148015	1100	1101
chr22	20159436	1100	1101
chr22	20170319	1100	1101
chr22	20181939	1100	1101
chr22	20206716	1100	1101
chr22	20223242	1100	1101
chr22	20231550	1100	1101
chr22	20237213	1100	1101
chr22	20250005	1100	1101
chr22	20259478	1100	1101
chr22	20289288	1100	1101
chr22	20295536	1100	1101
chr22	20326165	1100	1101
chr22	20670987	1100	1101
chr22	20722187	1100	1101
chr22	20732839	1100	1101
chr22	20798627	1100	1101
chr22	20805287	1100	1101
chr22	20834993	1100	1101
chr22	20872987	1100	1101
chr22	20876590	1100	1101
chr22	20876899	1100	1101
chr22	20889198	1100	1101
chr22	20906892	1100	1101
chr22	20924146	1100	1101
chr22	20930211	1100	1101
chr22	20936896	1100	1101
chr22	20941392	1100	1101
chr22	20943291	1100	1101
chr22	20954525	1100	1101
chr22	20969062	1100	1101
chr22	20970703	1100	1101
chr22	20981195	1100	1101
chr22	21051204	1100	1101
chr22	21052403	1100	1101
chr22	21067146	1100	1101
chr22	21081325	1100	1101
chr22	21082774	1100	1101
chr22	21101179	1100	1101
chr22	21102034	1100	1101
chr22	21105417	1100	1101
chr22	21114745	1100	1101
chr22	21135288	1100	1101
chr22	21142260	1100	1101
chr22	21158021	1100	1101
chr22	21212768	1100	1101
chr22	21220010	1100	1101
chr22	21220730	1100	1101
chr22	21238729	1100	1101
chr22	21281574	1100	1101
chr22	21316087	1100	1101
chr22	21318495	1100	1101
chr22	21346280	1100	1101
chr22	21373617	1100	1101
chr22	21407185	1100	1101
chr22	21421179	1100	1101
chr22	21435116	1100	1101
chr22	21469627	1100	1101
chr22	21507793	1100	1101
chr22	21519049	1100	1101
chr22	21521902	1100	1101
chr22	21559188	1100	1101
chr22	21574871	1100	1101
chr22	21911182	1100	1101
chr22	21927521	1100	1101
chr22	21938020	1100	1101
chr22	21953862	1100	1101
chr22	21959426	1100	1101
chr22	21968838	1100	1101
chr22	21979105	1100	1101
chr22	22000347	1100	1101
chr22	22018003	1100	1101
chr22	22045415	1100	1101
chr22	22114914	1100	1101
chr22	22132911	1100	1101
chr22	22136620	1100	1101
chr22	22143386	1100	1101
chr22	22155618	1100	1101
chr22	22164265	1100	1101
chr22	22190094	1100	1101
chr22	22196752	1100	1101
chr22	22225774	1100	1101
chr22	22237665	1100	1101
chr22	22239620	1100	1101
chr22	22260134	1100	1101
chr22	22263568	1100	1101
chr22	22277643	1100	1101
chr22	22296881	1100	1101
chr22	22311734	1100	1101
chr22	22323389	1100	1101
chr22	22325809	1100	1101
chr22	22363916	1100	1101
chr22	22368646	1100	1101
chr22	22437545	1100	1101
chr22	22441293	1100	1101
chr22	22449838	1100	1101
chr22	22470863	1100	1101
chr22	22477307	1100	1101
chr22	22503431	1100	1101
chr22	22508293	1100	1101
chr22	22524648	1100	1101
chr22	22553202	1100	1101
chr22	22559462	1100	1101
chr22	22559796	1100	1101
chr22	22589930	1100	1101
chr22	22612221	1100	1101
chr22	22631515	1100	1101
chr22	22659197	1100	1101
chr22	22661062	1100	1101
chr22	22695108	1100	1101
chr22	22696188	1100	1101
chr22	22698214	1100	1101
chr22	22723938	1100	1101
chr22	22732992	1100	1101
chr22	22733184	1100	1101
chr22	22733265	1100	1101
chr22	22738984	1100	1101
chr22	22793882	1100	1101
chr22	22800894	1100	1101
chr22	22817200	1100	1101
chr22	22902403	1100	1101
chr22	22904392	1100	1101
chr22	22938448	1100	1101
chr22	22942194	1100	1101
chr22	22955370	1100	1101
chr22	22968492	1100	1101
chr22	23030767	1100	1101
chr22	23044993	1100	1101
chr22	23066278	1100	1101
chr22	23092397	1100	1101
chr22	23094021	1100	1101
chr22	23098151	1100	1101
chr22	23127547	1100	1101
chr22	23128552	1100	1101
chr22	23137805	1100	1101
chr22	23149650	1100	1101
chr22	23163503	1100	1101
chr22	23221704	1100	1101
chr22	23226248	1100	1101
chr22	23262814	1100	1101
chr22	23290940	1100	1101
chr22	23295775	1100	1101
chr22	23313499	1100	1101
chr22	23351766	1100	1101
chr22	23357495	1100	1101
chr22	23380187	1100	1101
chr22	23394427	1100	1101
chr22	23409016	1100	1101
chr22	23414120	1100	1101
chr22	23428581	1100	1101
chr22	23430238	1100	1101
chr22	23461182	1100	1101
chr22	23477639	1100	1101
chr22	23512458	1100	1101
chr22	23530656	1100	1101
chr22	23531383	1100	1101
chr22	23558331	1100	1101
chr22	23571732	1100	1101
chr22	23598103	1100	1101
chr22	23609311	1100	1101
chr22	23613698	1100	1101
chr22	23620192	1100	1101
chr22	23622886	1100	1101
chr22	23632377	1100	1101
chr22	23683480	1100	1101
chr22	23685776	1100	1101
chr22	23693001	1100	1101
chr22	23721849	1100	1101
chr22	23743896	1100	1101
chr22	23757320	1100	1101
chr22	23842307	1100	1101
chr22	23844196	1100	1101
chr22	23850102	1100	1101
chr22	23858358	1100	1101
chr22	23860949	1100	1101
chr22	23913040	1100	1101
chr22	23952296	1100	1101
chr22	23986705	1100	1101
chr22	23995727	1100	1101
chr22	23997512	1100	1101
chr22	24048110	1100	1101
chr22	24053188	1100	1101
chr22	24062632	1100	1101
chr22	24086500	1100	1101
chr22	24090240	1100	1101
chr22	24097378	1100	1101
chr22	24103468	1100	1101
chr22	24117863	1100	1101
chr22	24146079	1100	1101
chr22	24158424	1100	1101
chr22	24176391	1100	1101
chr22	24181512	1100	1101
chr22	24217485	1100	1101
chr22	24271553	1100	1101
chr22	24278193	1100	1101
chr22	24288890	1100	1101
chr22	24332091	1100	1101
chr22	24347861	1100	1101
chr22	24385735	1100	1101
chr22	24411300	1100	1101
chr22	24466574	1100	1101
chr22	24482517	1100	1101
chr22	24508678	1100	1101
chr22	24511826	1100	1101
chr22	24704396	1100	1101
chr22	24706815	1100	1101
chr22	24721985	1100	1101
chr22	24748268	1100	1101
chr22	24753940	1100	1101
chr22	24757591	1100	1101
chr22	24776754	1100	1101
chr22	24778154	1100	1101
chr22	24807821	1100	1101
chr22	24844721	1100	1101
chr22	24847604	1100	1101
chr22	24850240	1100	1101
chr22	24851762	1100	1101
chr22	24855565	1100	1101
chr22	24866922	1100	1101
chr22	24870070	1100	1101
chr22	24881881	1100	1101
chr22	24884371	1100	1101
chr22	24921754	1100	1101
chr22	24963022	1100	1101
chr22	24973633	1100	1101
chr22	24981250	1100	1101
chr22	25002815	1100	1101
chr22	25019191	1100	1101
chr22	25056265	1100	1101
chr22	25102919	1100	1101
chr22	25128851	1100	1101
chr22	25154622	1100	1101
chr22	25200762	1100	1101
chr22	25208656	1100	1101
chr22	25216376	1100	1101
chr22	25225815	1100	1101
chr22	25247204	1100	1101
chr22	25280801	1100	1101
chr22	25328024	1100	1101
chr22	25336700	1100	1101
chr22	25345479	1100	1101
chr22	25346359	1100	1101
chr22	25382607	1100	1101
chr22	25395047	1100	1101
chr22	25407923	1100	1101
chr22	25426209	1100	1101
chr22	25432042	1100	1101
chr22	25437845	1100	1101
chr22	25515040	1100	1101
chr22	25564839	1100	1101
chr22	25569756	1100	1101
chr22	25587710	1100	1101
chr22	25649058	1100	1101
chr22	25663569	1100	1101
chr22	25669789	1100	1101
chr22	25730452	1100	1101
chr22	25735326	1100	1101
chr22	25748618	1100	1101
chr22	25767180	1100	1101
chr22	25772315	1100	1101
chr22	25823666	1100	1101
chr22	25879740	1100	1101
chr22	25900688	1100	1101
chr22	25900790	1100	1101
chr22	25903511	1100	1101
chr22	25936126	1100	1101
chr22	25948807	1100	1101
chr22	25953110	1100	1101
chr22	26004170	1100	1101
chr22	26017039	1100	1101
chr22	26055931	1100	1101
chr22	26108017	1100	1101
chr22	26125443	1100	1101
chr22	26143334	1100	1101
chr22	26148747	1100	1101
chr22	26152986	1100	1101
chr22	26158485	1100	1101
chr22	26162629	1100	1101
chr22	26191435	1100	1101
chr22	26201873	1100	1101
chr22	26266758	1100	1101
chr22	26271121	1100	1101
chr22	26275152	1100	1101
chr22	26278171	1100	1101
chr22	26286853	1100	1101
chr22	26299126	1100	1101
chr22	26300259	1100	1101
chr22	26328852	1100	1101
chr22	26334803	1100	1101
chr22	26393484	1100	1101
chr22	26409951	1100	1101
chr22	26446723	1100	1101
chr22	26450706	1100	1101
chr22	26452496	1100	1101
chr22	26465873	1100	1101
chr22	26474745	1100	1101
chr22	26494208	1100	1101
chr22	26539454	1100	1101
chr22	26543199	1100	1101
chr22	26547823	1100	1101
chr22	26554045	1100	1101
chr22	26579132	1100	1101
chr22	26580931	1100	1101
chr22	26589518	1100	1101
chr22	26636524	1100	1101
chr22	26656420	1100	1101
chr22	26681589	1100	1101
chr22	26692364	1100	1101
chr22	26710063	1100	1101
chr22	26751370	1100	1101
chr22	26768970	1100	1101
chr22	26794530	1100	1101
chr22	26804194	1100	1101
chr22	26821123	1100	1101
chr22	26835991	1100	1101
chr22	26841881	1100	1101
chr22	26859088	1100	1101
chr22	26887513	1100	1101
chr22	26888514	1100	1101
chr22	26893457	1100	1101
chr22	26931223	1100	1101
chr22	26939197	1100	1101
chr22	26966818	1100	1101
chr22	27026161	1100	1101
chr22	27047619	1100	1101
chr22	27061998	1100	1101
chr22	27097164	1100	1101
chr22	27131883	1100	1101
chr22	27135558	1100	1101
chr22	27170488	1100	1101
chr22	27178341	1100	1101
chr22	27187146	1100	1101
chr22	27190128	1100	1101
chr22	27205817	1100	1101
chr22	27226294	1100	1101
chr22	27239129	1100	1101
chr22	27263114	1100	1101
chr22	27263832	1100	1101
chr22	27287448	1100	1101
chr22	27290017	1100	1101
chr22	27313379	1100	1101
chr22	27321213	1100	1101
chr22	27355947	1100	1101
chr22	27399904	1100	1101
chr22	27402558	1100	1101
chr22	27437906	1100	1101
chr22	27445320	1100	1101
chr22	27454842	1100	1101
chr22	27462027	1100	1101
chr22	27512888	1100	1101
chr22	27515179	1100	1101
chr22	27523145	1100	1101
chr22	27524014	1100	1101
chr22	27552494	1100	1101
chr22	27553104	1100	1101
chr22	27583271	1100	1101
chr22	27587480	1100	1101
chr22	27612264	1100	1101
chr22	27665022	1100	1101
chr22	27697194	1100	1101
chr22	27708135	1100	1101
chr22	27727824	1100	1101
chr22	27751401	1100	1101
chr22	27791248	1100	1101
chr22	27791528	1100	1101
chr22	27814360	1100	1101
chr22	27818630	1100	1101
chr22	27824914	1100	1101
chr22	27827104	1100	1101
chr22	27853457	1100	1101
chr22	27853593	1100	1101
chr22	27867075	1100	1101
chr22	27937382	1100	1101
chr22	27961715	1100	1101
chr22	28007433	1100	1101
chr22	28022897	1100	1101
chr22	28030596	1100	1101
chr22	28039723	1100	1101
chr22	28040768	1100	1101
chr22	28068349	1100	1101
chr22	28076501	1100	1101
chr22	28080459	1100	1101
chr22	28129220	1100	1101
chr22	28153794	1100	1101
chr22	28165516	1100	1101
chr22	28168346	1100	1101
chr22	28172322	1100	1101
chr22	28173559	1100	1101
chr22	28178568	1100	1101
chr22	28184166	1100	1101
chr22	28215581	1100	1101
chr22	28223045	1100	1101
chr22	28236548	1100	1101
chr22	28244476	1100	1101
chr22	28248291	1100	1101
chr22	28283150	1100	1101
chr22	28302293	1100	1101
chr22	28315002	1100	1101
chr22	28329648	1100	1101
chr22	28343300	1100	1101
chr22	28343948	1100	1101
chr22	28345797	1100	1101
chr22	28359180	1100	1101
chr22	28370412	1100	1101
chr22	28428489	1100	1101
chr22	28454352	1100	1101
chr22	28475115	1100	1101
chr22	28489242	1100	1101
chr22	28494406	1100	1101
chr22	28505461	1100	1101
chr22	28513562	1100	1101
chr22	28515339	1100	1101
chr22	28517373	1100	1101
chr22	28538131	1100	1101
chr22	28545858	1100	1101
chr22	28550171	1100	1101
chr22	28556484	1100	1101
chr22	28566476	1100	1101
chr22	28606257	1100	1101
chr22	28606785	1100	1101
chr22	28614654	1100	1101
chr22	28624552	1100	1101
chr22	28637661	1100	1101
chr22	28640109	1100	1101
chr22	28657642	1100	1101
chr22	28659013	1100	1101
chr22	28675695	1100	1101
chr22	28695794	1100	1101
chr22	28712769	1100	1101
chr22	28718855	1100	1101
chr22	28732599	1100	1101
chr22	28776556	1100	1101
chr22	28878249	1100	1101
chr22	28908607	1100	1101
chr22	28910947	1100	1101
chr22	28928749	1100	1101
chr22	28943947	1100	1101
chr22	28945371	1100	1101
chr22	28947355	1100	1101
chr22	28962988	1100	1101
chr22	28965675	1100	1101
chr22	28969995	1100	1101
chr22	28999143	1100	1101
chr22	29003958	1100	1101
chr22	29016041	1100	1101
chr22	29037495	1100	1101
chr22	29086167	1100	1101
chr22	29096418	1100	1101
chr22	29152691	1100	1101
chr22	29207681	1100	1101
chr22	29211253	1100	1101
chr22	29239147	1100	1101
chr22	29239840	1100	1101
chr22	29264975	1100	1101
chr22	29268843	1100	1101
chr22	29271538	1100	1101
chr22	29274001	1100	1101
chr22	29276760	1100	1101
chr22	29299886	1100	1101
chr22	29367593	1100	1101
chr22	29375195	1100	1101
chr22	29382373	1100	1101
chr22	29407724	1100	1101
chr22	29427902	1100	1101
chr22	29428590	1100	1101
chr22	29447917	1100	1101
chr22	29448919	1100	1101
chr22	29474555	1100	1101
chr22	29486780	1100	1101
chr22	29493611	1100	1101
chr22	29505964	1100	1101
chr22	29518166	1100	1101
chr22	29538008	1100	1101
chr22	29558630	1100	1101
chr22	29563752	1100	1101
chr22	29568323	1100	1101
chr22	29582616	1100	1101
chr22	29638927	1100	1101
chr22	29659662	1100	1101
chr22	29679065	1100	1101
chr22	29682978	1100	1101
chr22	29693600	1100	1101
chr22	29698093	1100	1101
chr22	29698551	1100	1101
chr22	29766682	1100	1101
chr22	29778771	1100	1101
chr22	29809810	1100	1101
chr22	29825075	1100	1101
chr22	29850502	1100	1101
chr22	29863940	1100	1101
chr22	29883935	1100	1101
chr22	29917003	1100	1101
chr22	29941310	1100	1101
chr22	29954573	1100	1101
chr22	29963890	1100	1101
chr22	29998408	1100	1101
chr22	30001661	1100	1101
chr22	30005929	1100	1101
chr22	30015270	1100	1101
chr22	30062840	1100	1101
chr22	30078565	1100	1101
chr22	30142764	1100	1101
chr22	30161228	1100	1101
chr22	30258004	1100	1101
chr22	30321809	1100	1101
chr22	30364724	1100	1101
chr22	30365752	1100	1101
chr22	30367761	1100	1101
chr22	30374941	1100	1101
chr22	30385069	1100	1101
chr22	30385345	1100	1101
chr22	30403595	1100	1101
chr22	30422977	1100	1101
chr22	30424804	1100	1101
chr22	30487121	1100	1101
chr22	30500188	1100	1101
chr22	30532260	1100	1101
chr22	30535821	1100	1101
chr22	30549579	1100	1101
chr22	30556832	1100	1101
chr22	30587492	1100	1101
chr22	30588405	1100	1101
chr22	30606299	1100	1101
chr22	30642126	1100	1101
chr22	30645021	1100	1101
chr22	30698885	1100	1101
chr22	30711359	1100	1101
chr22	30740474	1100	1101
chr22	30741018	1100	1101
chr22	30746207	1100	1101
chr22	30747922	1100	1101
chr22	30779523	1100	1101
chr22	30781860	1100	1101
chr22	30785395	1100	1101
chr22	30789838	1100	1101
chr22	30791238	1100	1101
chr22	30857198	1100	1101
chr22	30864820	1100	1101
chr22	30873013	1100	1101
chr22	30895401	1100	1101
chr22	30912398	1100	1101
chr22	30936281	1100	1101
chr22	30957122	1100	1101
chr22	30963353	1100	1101
chr22	31017857	1100	1101
chr22	31025434	1100	1101
chr22	31031447	1100	1101
chr22	31037293	1100	1101
chr22	31066670	1100	1101
chr22	31082942	1100	1101
chr22	31084036	1100	1101
chr22	31097310	1100	1101
chr22	31125578	1100	1101
chr22	31134257	1100	1101
chr22	31192235	1100	1101
chr22	31195341	1100	1101
chr22	31213061	1100	1101
chr22	31220813	1100	1101
chr22	31221926	1100	1101
chr22	31226191	1100	1101
chr22	31230629	1100	1101
chr22	31236083	1100	1101
chr22	31320452	1100	1101
chr22	31320867	1100	1101
chr22	31335661	1100	1101
chr22	31341171	1100	1101
chr22	31343391	1100	1101
chr22	31344519	1100	1101
chr22	31387323	1100	1101
chr22	31405785	1100	1101
chr22	31440725	1100	1101
chr22	31441018	1100	1101
chr22	31457693	1100	1101
chr22	31494030	1100	1101
chr22	31533596	1100	1101
chr22	31544988	1100	1101
chr22	31565391	1100	1101
chr22	31573231	1100	1101
chr22	31601341	1100	1101
chr22	31607296	1100	1101
chr22	31649706	1100	1101
chr22	31659152	1100	1101
chr22	31668917	1100	1101
chr22	31686732	1100	1101
chr22	31687065	1100	1101
chr22	31696422	1100	1101
chr22	31704069	1100	1101
chr22	31711303	1100	1101
chr22	31716054	1100	1101
chr22	31722304	1100	1101
chr22	31752388	1100	1101
chr22	31759574	1100	1101
chr22	31797245	1100	1101
chr22	31821548	1100	1101
chr22	31850066	1100	1101
chr22	31868527	1100	1101
chr22	31882046	1100	1101
chr22	31910516	1100	1101
chr22	31957004	1100	1101
chr22	31966272	1100	1101
chr22	31976666	1100	1101
chr22	31991438	1100	1101
chr22	31995058	1100	1101
chr22	32000951	1100	1101
chr22	32024413	1100	1101
chr22	32036115	1100	1101
chr22	32051150	1100	1101
chr22	32087751	1100	1101
chr22	32119274	1100	1101
chr22	32135446	1100	1101
chr22	32139605	1100	1101
chr22	32157490	1100	1101
chr22	32160087	1100	1101
chr22	32170876	1100	1101
chr22	32173089	1100	1101
chr22	32175983	1100	1101
chr22	32183365	1100	1101
chr22	32185301	1100	1101
chr22	32185628	1100	1101
chr22	32197275	1100	1101
chr22	32198150	1100	1101
chr22	32228746	1100	1101
chr22	32239860	1100	1101
chr22	32243056	1100	1101
chr22	32254866	1100	1101
chr22	32259120	1100	1101
chr22	32279801	1100	1101
chr22	32284322	1100	1101
chr22	32290826	1100	1101
chr22	32302091	1100	1101
chr22	32316902	1100	1101
chr22	32319263	1100	1101
chr22	32321836	1100	1101
chr22	32346958	1100	1101
chr22	32402897	1100	1101
chr22	32404979	1100	1101
chr22	32415836	1100	1101
chr22	32445159	1100	1101
chr22	32463364	1100	1101
chr22	32548019	1100	1101
chr22	32550725	1100	1101
chr22	32583268	1100	1101
chr22	32587926	1100	1101
chr22	32625485	1100	1101
chr22	32629520	1100	1101
chr22	32664551	1100	1101
chr22	32672308	1100	1101
chr22	32688300	1100	1101
chr22	32715472	1100	1101
chr22	32783388	1100	1101
chr22	32783907	1100	1101
chr22	32784283	1100	1101
chr22	32820797	1100	1101
chr22	32830590	1100	1101
chr22	32836435	1100	1101
chr22	32948648	1100	1101
chr22	32966654	1100	1101
chr22	32970624	1100	1101
chr22	32995004	1100	1101
chr22	33004428	1100	1101
chr22	33014406	1100	1101
chr22	33025422	1100	1101
chr22	33027745	1100	1101
chr22	33058408	1100	1101
chr22	33085057	1100	1101
chr22	33112202	1100	1101
chr22	33162483	1100	1101
chr22	33188223	1100	1101
chr22	33213905	1100	1101
chr22	33215552	1100	1101
chr22	33250629	1100	1101
chr22	33299308	1100	1101
chr22	33303662	1100	1101
chr22	33304202	1100	1101
chr22	33327611	1100	1101
chr22	33341220	1100	1101
chr22	33365208	1100	1101
chr22	33374211	1100	1101
chr22	33374339	1100	1101
chr22	33394073	1100	1101
chr22	33409367	1100	1101
chr22	33416395	1100	1101
chr22	33447469	1100	1101
chr22	33474197	1100	1101
chr22	33506916	1100	1101
chr22	33546350	1100	1101
chr22	33547419	1100	1101
chr22	33552647	1100	1101
chr22	33564094	1100	1101
chr22	33571042	1100	1101
chr22	33572964	1100	1101
chr22	33595878	1100	1101
chr22	33600725	1100	1101
chr22	33629517	1100	1101
chr22	33642501	1100	1101
chr22	33653527	1100	1101
chr22	33685579	1100	1101
chr22	33695969	1100	1101
chr22	33700364	1100	1101
chr22	33719985	1100	1101
chr22	33734351	1100	1101
chr22	33754470	1100	1101
chr22	33759201	1100	1101
chr22	33762005	1100	1101
chr22	33789790	1100	1101
chr22	33790039	1100	1101
chr22	33800593	1100	1101
chr22	33819359	1100	1101
chr22	33853963	1100	1101
chr22	33884997	1100	1101
chr22	33885377	1100	1101
chr22	33897318	1100	1101
chr22	33924954	1100	1101
chr22	33978422	1100	1101
chr22	33978683	1100	1101
chr22	33986633	1100	1101
chr22	34108822	1100	1101
chr22	34110876	1100	1101
chr22	34111348	1100	1101
chr22	34120582	1100	1101
chr22	34151276	1100	1101
chr22	34159675	1100	1101
chr22	34198308	1100	1101
chr22	34205272	1100	1101
chr22	34222589	1100	1101
chr22	34276215	1100	1101
chr22	34285222	1100	1101
chr22	34343161	1100	1101
chr22	34367864	1100	1101
chr22	34379552	1100	1101
chr22	34399155	1100	1101
chr22	34402499	1100	1101
chr22	34424501	1100	1101
chr22	34447637	1100	1101
chr22	34460506	1100	1101
chr22	34480337	1100	1101
chr22	34499233	1100	1101
chr22	34500526	1100	1101
chr22	34530889	1100	1101
chr22	34568195	1100	1101
chr22	34606667	1100	1101
chr22	34652249	1100	1101
chr22	34663055	1100	1101
chr22	34682367	1100	1101
chr22	34732888	1100	1101
chr22	34740229	1100	1101
chr22	34750360	1100	1101
chr22	34770000	1100	1101
chr22	34818110	1100	1101
chr22	34820121	1100	1101
chr22	34833348	1100	1101
chr22	34839262	1100	1101
chr22	34840818	1100	1101
chr22	34881094	1100	1101
chr22	34898732	1100	1101
chr22	34996097	1100	1101
chr22	35009188	1100	1101
chr22	35032228	1100	1101
chr22	35043714	1100	1101
chr22	35051636	1100	1101
chr22	35052808	1100	1101
chr22	35055609	1100	1101
chr22	35085191	1100	1101
chr22	35094664	1100	1101
chr22	35100822	1100	1101
chr22	35174021	1100	1101
chr22	35206982	1100	1101
chr22	35221016	1100	1101
chr22	35234513	1100	1101
chr22	35256453	1100	1101
chr22	35295765	1100	1101
chr22	35344136	1100	1101
chr22	35350749	1100	1101
chr22	35353675	1100	1101
chr22	35401703	1100	1101
chr22	35404514	1100	1101
chr22	35410211	1100	1101
chr22	35413497	1100	1101
chr22	35415492	1100	1101
chr22	35416019	1100	1101
chr22	35431171	1100	1101
chr22	35469787	1100	1101
chr22	35491077	1100	1101
chr22	35492548	1100	1101
chr22	35562472	1100	1101
chr22	35562883	1100	1101
chr22	35602325	1100	1101
chr22	35614790	1100	1101
chr22	35616907	1100	1101
chr22	35624315	1100	1101
chr22	35658361	1100	1101
chr22	35695772	1100	1101
chr22	35730232	1100	1101
chr22	35742782	1100	1101
chr22	35748664	1100	1101
chr22	35751976	1100	1101
chr22	35760479	1100	1101
chr22	35765761	1100	1101
chr22	35783177	1100	1101
chr22	35783966	1100	1101
chr22	35791961	1100	1101
chr22	35828240	1100	1101
chr22	35838344	1100	1101
chr22	35861602	1100	1101
chr22	35866432	1100	1101
chr22	35903397	1100	1101
chr22	35908350	1100	1101
chr22	35973533	1100	1101
chr22	36018528	1100	1101
chr22	36025243	1100	1101
chr22	36061026	1100	1101
chr22	36070787	1100	1101
chr22	36078221	1100	1101
chr22	36095098	1100	1101
chr22	36106750	1100	1101
chr22	36107201	1100	1101
chr22	36137213	1100	1101
chr22	36141902	1100	1101
chr22	36147875	1100	1101
chr22	36153539	1100	1101
chr22	36175253	1100	1101
chr22	36180959	1100	1101
chr22	36219697	1100	1101
chr22	36241724	1100	1101
chr22	36243500	1100	1101
chr22	36255662	1100	1101
chr22	36257789	1100	1101
chr22	36289668	1100	1101
chr22	36293245	1100	1101
chr22	36299520	1100	1101
chr22	36313061	1100	1101
chr22	36328106	1100	1101
chr22	36335749	1100	1101
chr22	36354920	1100	1101
chr22	36370555	1100	1101
chr22	36382040	1100	1101
chr22	36383181	1100	1101
chr22	36400324	1100	1101
chr22	36427093	1100	1101
chr22	36462723	1100	1101
chr22	36478218	1100	1101
chr22	36481057	1100	1101
chr22	36482167	1100	1101
chr22	36520652	1100	1101
chr22	36542660	1100	1101
chr22	36543168	1100	1101
chr22	36549007	1100	1101
chr22	36555150	1100	1101
chr22	36561442	1100	1101
chr22	36588313	1100	1101
chr22	36600847	1100	1101
chr22	36646405	1100	1101
chr22	36749318	1100	1101
chr22	36761537	1100	1101
chr22	36766473	1100	1101
chr22	36785927	1100	1101
chr22	36832793	1100	1101
chr22	36846741	1100	1101
chr22	36849603	1100	1101
chr22	36867118	1100	1101
chr22	36867127	1100	1101
chr22	36920504	1100	1101
chr22	36930571	1100	1101
chr22	36931734	1100	1101
chr22	36931774	1100	1101
chr22	36944594	1100	1101
chr22	36975457	1100	1101
chr22	36975703	1100	1101
chr22	36981489	1100	1101
chr22	36985206	1100	1101
chr22	37017583	1100	1101
chr22	37040384	1100	1101
chr22	37076528	1100	1101
chr22	37110088	1100	1101
chr22	37156334	1100	1101
chr22	37170622	1100	1101
chr22	37173938	1100	1101
chr22	37188745	1100	1101
chr22	37195440	1100	1101
chr22	37204584	1100	1101
chr22	37210032	1100	1101
chr22	37219300	1100	1101
chr22	37229041	1100	1101
chr22	37231718	1100	1101
chr22	37239092	1100	1101
chr22	37240268	1100	1101
chr22	37241503	1100	1101
chr22	37246183	1100	1101
chr22	37255046	1100	1101
chr22	37278369	1100	1101
chr22	37306221	1100	1101
chr22	37334410	1100	1101
chr22	37340591	1100	1101
chr22	37350257	1100	1101
chr22	37354656	1100	1101
chr22	37358175	1100	1101
chr22	37359707	1100	1101
chr22	37373429	1100	1101
chr22	37376205	1100	1101
chr22	37379058	1100	1101
chr22	37407204	1100	1101
chr22	37408467	1100	1101
chr22	37476638	1100	1101
chr22	37493024	1100	1101
chr22	37494586	1100	1101
chr22	37503060	1100	1101
chr22	37505250	1100	1101
chr22	37523702	1100	1101
chr22	37526561	1100	1101
chr22	37563965	1100	1101
chr22	37568260	1100	1101
chr22	37578624	1100	1101
chr22	37605458	1100	1101
chr22	37615922	1100	1101
chr22	37647021	1100	1101
chr22	37699031	1100	1101
chr22	37737170	1100	1101
chr22	37740862	1100	1101
chr22	37770269	1100	1101
chr22	37771609	1100	1101
chr22	37823606	1100	1101
chr22	37829667	1100	1101
chr22	37844003	1100	1101
chr22	37863203	1100	1101
chr22	37887007	1100	1101
chr22	37909428	1100	1101
chr22	37913704	1100	1101
chr22	37984777	1100	1101
chr22	37995145	1100	1101
chr22	38008879	1100	1101
chr22	38025190	1100	1101
chr22	38032425	1100	1101
chr22	38055592	1100	1101
chr22	38058818	1100	1101
chr22	38076008	1100	1101
chr22	38078601	1100	1101
chr22	38114473	1100	1101
chr22	38158975	1100	1101
chr22	38177721	1100	1101
chr22	38185310	1100	1101
chr22	38203084	1100	1101
chr22	38241716	1100	1101
chr22	38269819	1100	1101
chr22	38276983	1100	1101
chr22	38296306	1100	1101
chr22	38353163	1100	1101
chr22	38360032	1100	1101
chr22	38380575	1100	1101
chr22	38386143	1100	1101
chr22	38393374	1100	1101
chr22	38393507	1100	1101
chr22	38410470	1100	1101
chr22	38435830	1100	1101
chr22	38452757	1100	1101
chr22	38472516	1100	1101
chr22	38493798	1100	1101
chr22	38508817	1100	1101
chr22	38535121	1100	1101
chr22	38549927	1100	1101
chr22	38565607	1100	1101
chr22	38568200	1100	1101
chr22	38571227	1100	1101
chr22	38578652	1100	1101
chr22	38610470	1100	1101
chr22	38623062	1100	1101
chr22	38697277	1100	1101
chr22	38704002	1100	1101
chr22	38711857	1100	1101
chr22	38727048	1100	1101
chr22	38744312	1100	1101
chr22	38761986	1100	1101
chr22	38770792	1100	1101
chr22	38773194	1100	1101
chr22	38801334	1100	1101
chr22	38804196	1100	1101
chr22	38875345	1100	1101
chr22	38881805	1100	1101
chr22	38882753	1100	1101
chr22	38908766	1100	1101
chr22	38916562	1100	1101
chr22	38942193	1100	1101
chr22	38961679	1100	1101
chr22	39002110	1100	1101
chr22	39070995	1100	1101
chr22	39086273	1100	1101
chr22	39130624	1100	1101
chr22	39138371	1100	1101
chr22	39182153	1100	1101
chr22	39191450	1100	1101
chr22	39197129	1100	1101
chr22	39198155	1100	1101
chr22	39198494	1100	1101
chr22	39204638	1100	1101
chr22	39207851	1100	1101
chr22	39214206	1100	1101
chr22	39216124	1100	1101
chr22	39222646	1100	1101
chr22	39229114	1100	1101
chr22	39230221	1100	1101
chr22	39345451	1100	1101
chr22	39355528	1100	1101
chr22	39362764	1100	1101
chr22	39369670	1100	1101
chr22	39380375	1100	1101
chr22	39430950	1100	1101
chr22	39445658	1100	1101
chr22	39457755	1100	1101
chr22	39465915	1100	1101
chr22	39467206	1100	1101
chr22	39469865	1100	1101
chr22	39488849	1100	1101
chr22	39507606	1100	1101
chr22	39508127	1100	1101
chr22	39548774	1100	1101
chr22	39559879	1100	1101
chr22	39577462	1100	1101
chr22	39582621	1100	1101
chr22	39605066	1100	1101
chr22	39612083	1100	1101
chr22	39617210	1100	1101
chr22	39647556	1100	1101
chr22	39653087	1100	1101
chr22	39660544	1100	1101
chr22	39667579	1100	1101
chr22	39697698	1100	1101
chr22	39711459	1100	1101
chr22	39744851	1100	1101
chr22	39772787	1100	1101
chr22	39781191	1100	1101
chr22	39793306	1100	1101
chr22	39811302	1100	1101
chr22	39821159	1100	1101
chr22	39857815	1100	1101
chr22	39857970	1100	1101
chr22	39884538	1100	1101
chr22	39903837	1100	1101
chr22	39911780	1100	1101
chr22	39914531	1100	1101
chr22	40033103	1100	1101
chr22	40039957	1100	1101
chr22	40042346	1100	1101
chr22	40046959	1100	1101
chr22	40052345	1100	1101
chr22	40066992	1100	1101
chr22	40073048	1100	1101
chr22	40098977	1100	1101
chr22	40102537	1100	1101
chr22	40109119	1100	1101
chr22	40111773	1100	1101
chr22	40125508	1100	1101
chr22	40181364	1100	1101
chr22	40182558	1100	1101
chr22	40199165	1100	1101
chr22	40209324	1100	1101
chr22	40218286	1100	1101
chr22	40225464	1100	1101
chr22	40240252	1100	1101
chr22	40244089	1100	1101
chr22	40244969	1100	1101
chr22	40253761	1100	1101
chr22	40273687	1100	1101
chr22	40288526	1100	1101
chr22	40289613	1100	1101
chr22	40325336	1100	1101
chr22	40348137	1100	1101
chr22	40356155	1100	1101
chr22	40377296	1100	1101
chr22	40379937	1100	1101
chr22	40386806	1100	1101
chr22	40410703	1100	1101
chr22	40418974	1100	1101
chr22	40419544	1100	1101
chr22	40450980	1100	1101
chr22	40451806	1100	1101
chr22	40459780	1100	1101
chr22	40504713	1100	1101
chr22	40537931	1100	1101
chr22	40556057	1100	1101
chr22	40571972	1100	1101
chr22	40581707	1100	1101
chr22	40600076	1100	1101
chr22	40615567	1100	1101
chr22	40644708	1100	1101
chr22	40651004	1100	1101
chr22	40742708	1100	1101
chr22	40749142	1100	1101
chr22	40758550	1100	1101
chr22	40759659	1100	1101
chr22	40776873	1100	1101
chr22	40830994	1100	1101
chr22	40831746	1100	1101
chr22	40834741	1100	1101
chr22	40835652	1100	1101
chr22	40839148	1100	1101
chr22	40844340	1100	1101
chr22	40868756	1100	1101
chr22	40894814	1100	1101
chr22	40912805	1100	1101
chr22	40919358	1100	1101
chr22	40944261	1100	1101
chr22	40951484	1100	1101
chr22	40973895	1100	1101
chr22	40978680	1100	1101
chr22	41000724	1100	1101
chr22	41044281	1100	1101
chr22	41102525	1100	1101
chr22	41115868	1100	1101
chr22	41119297	1100	1101
chr22	41152349	1100	1101
chr22	41167136	1100	1101
chr22	41177972	1100	1101
chr22	41186757	1100	1101
chr22	41196041	1100	1101
chr22	41220668	1100	1101
chr22	41261410	1100	1101
chr22	41300100	1100	1101
chr22	41306086	1100	1101
chr22	41329742	1100	1101
chr22	41357413	1100	1101
chr22	41383975	1100	1101
chr22	41433540	1100	1101
chr22	41493799	1100	1101
chr22	41509217	1100	1101
chr22	41510555	1100	1101
chr22	41525145	1100	1101
chr22	41528662	1100	1101
chr22	41531634	1100	1101
chr22	41561967	1100	1101
chr22	41565614	1100	1101
chr22	41581882	1100	1101
chr22	41627030	1100	1101
chr22	41653954	1100	1101
chr22	41654923	1100	1101
chr22	41659511	1100	1101
chr22	41686909	1100	1101
chr22	41699329	1100	1101
chr22	41703709	1100	1101
chr22	41712572	1100	1101
chr22	41721999	1100	1101
chr22	41773490	1100	1101
chr22	41779825	1100	1101
chr22	41780135	1100	1101
chr22	41789846	1100	1101
chr22	41801244	1100	1101
chr22	41804940	1100	1101
chr22	41816018	1100	1101
chr22	41846778	1100	1101
chr22	41896606	1100	1101
chr22	41910972	1100	1101
chr22	41980623	1100	1101
chr22	41991802	1100	1101
chr22	42060340	1100	1101
chr22	42068954	1100	1101
chr22	42087395	1100	1101
chr22	42096186	1100	1101
chr22	42116759	1100	1101
chr22	42124991	1100	1101
chr22	42125567	1100	1101
chr22	42157199	1100	1101
chr22	42161283	1100	1101
chr22	42167871	1100	1101
chr22	42168202	1100	1101
chr22	42190750	1100	1101
chr22	42196350	1100	1101
chr22	42238751	1100	1101
chr22	42242295	1100	1101
chr22	42248739	1100	1101
chr22	42285887	1100	1101
chr22	42289303	1100	1101
chr22	42290910	1100	1101
chr22	42338486	1100	1101
chr22	42354937	1100	1101
chr22	42356317	1100	1101
chr22	42384233	1100	1101
chr22	42415261	1100	1101
chr22	42431840	1100	1101
chr22	42443789	1100	1101
chr22	42453920	1100	1101
chr22	42475475	1100	1101
chr22	42492460	1100	1101
chr22	42516346	1100	1101
chr22	42526163	1100	1101
chr22	42535109	1100	1101
chr22	42542004	1100	1101
chr22	42544651	1100	1101
chr22	42553905	1100	1101
chr22	42591038	1100	1101
chr22	42621902	1100	1101
chr22	42627688	1100	1101
chr22	42649203	1100	1101
chr22	42674022	1100	1101
chr22	42726896	1100	1101
chr22	42733551	1100	1101
chr22	42749032	1100	1101
chr22	42804500	1100	1101
chr22	42827155	1100	1101
chr22	42839107	1100	1101
chr22	42851527	1100	1101
chr22	42869565	1100	1101
chr22	42874705	1100	1101
chr22	42906433	1100	1101
chr22	42915609	1100	1101
chr22	42933521	1100	1101
chr22	42994500	1100	1101
chr22	43019049	1100	1101
chr22	43024913	1100	1101
chr22	43078566	1100	1101
chr22	43098647	1100	1101
chr22	43102212	1100	1101
chr22	43129687	1100	1101
chr22	43173143	1100	1101
chr22	43177375	1100	1101
chr22	43199372	1100	1101
chr22	43206159	1100	1101
chr22	43208507	1100	1101
chr22	43246797	1100	1101
chr22	43259492	1100	1101
chr22	43270011	1100	1101
chr22	43284882	1100	1101
chr22	43319045	1100	1101
chr22	43321261	1100	1101
chr22	43346744	1100	1101
chr22	43380540	1100	1101
chr22	43388871	1100	1101
chr22	43398734	1100	1101
chr22	43442611	1100	1101
chr22	43450755	1100	1101
chr22	43464020	1100	1101
chr22	43465831	1100	1101
chr22	43490220	1100	1101
chr22	43582723	1100	1101
chr22	43585947	1100	1101
chr22	43592463	1100	1101
chr22	43600005	1100	1101
chr22	43604988	1100	1101
chr22	43607719	1100	1101
chr22	43641201	1100	1101
chr22	43649699	1100	1101
chr22	43662345	1100	1101
chr22	43673403	1100	1101
chr22	43673832	1100	1101
chr22	43771986	1100	1101
chr22	43776600	1100	1101
chr22	43823464	1100	1101
chr22	43823793	1100	1101
chr22	43828725	1100	1101
chr22	43873890	1100	1101
chr22	43908036	1100	1101
chr22	43929874	1100	1101
chr22	43946718	1100	1101
chr22	43948538	1100	1101
chr22	43956963	1100	1101
chr22	43974951	1100	1101
chr22	43988958	1100	1101
chr22	43994709	1100	1101
chr22	44001670	1100	1101
chr22	44072723	1100	1101
chr22	44073661	1100	1101
chr22	44136175	1100	1101
chr22	44137356	1100	1101
chr22	44158715	1100	1101
chr22	44217162	1100	1101
chr22	44264483	1100	1101
chr22	44269139	1100	1101
chr22	44283551	1100	1101
chr22	44305189	1100	1101
chr22	44332937	1100	1101
chr22	44348392	1100	1101
chr22	44353706	1100	1101
chr22	44377020	1100	1101
chr22	44378940	1100	1101
chr22	44401051	1100	1101
chr22	44434614	1100	1101
chr22	44445097	1100	1101
chr22	44481722	1100	1101
chr22	44491052	1100	1101
chr22	44524943	1100	1101
chr22	44528237	1100	1101
chr22	44538440	1100	1101
chr22	44540437	1100	1101
chr22	44565860	1100	1101
chr22	44602914	1100	1101
chr22	44612044	1100	1101
chr22	44639035	1100	1101
chr22	44654028	1100	1101
chr22	44675855	1100	1101
chr22	44683414	1100	1101
chr22	44699800	1100	1101
chr22	44730734	1100	1101
chr22	44777481	1100	1101
chr22	44823978	1100	1101
chr22	44839366	1100	1101
chr22	44848227	1100	1101
chr22	44852688	1100	1101
chr22	44852739	1100	1101
chr22	44864846	1100	1101
chr22	44867168	1100	1101
chr22	44900196	1100	1101
chr22	44931222	1100	1101
chr22	44946299	1100	1101
chr22	44978051	1100	1101
chr22	45000133	1100	1101
chr22	45022168	1100	1101
chr22	45065499	1100	1101
chr22	45119846	1100	1101
chr22	45137511	1100	1101
chr22	45175944	1100	1101
chr22	45198863	1100	1101
chr22	45209864	1100	1101
chr22	45232790	1100	1101
chr22	45284220	1100	1101
chr22	45334244	1100	1101
chr22	45383911	1100	1101
chr22	45407135	1100	1101
chr22	45437393	1100	1101
chr22	45450072	1100	1101
chr22	45450499	1100	1101
chr22	45451955	1100	1101
chr22	45482321	1100	1101
chr22	45490717	1100	1101
chr22	45491589	1100	1101
chr22	45537040	1100	1101
chr22	45538113	1100	1101
chr22	45544449	1100	1101
chr22	45554798	1100	1101
chr22	45570678	1100	1101
chr22	45587005	1100	1101
chr22	45595057	1100	1101
chr22	45604043	1100	1101
chr22	45613232	1100	1101
chr22	45640762	1100	1101
chr22	45687060	1100	1101
chr22	45695597	1100	1101
chr22	45769917	1100	1101
chr22	45772995	1100	1101
chr22	45774891	1100	1101
chr22	45824579	1100	1101
chr22	45837310	1100	1101
chr22	45855681	1100	1101
chr22	45864957	1100	1101
chr22	45870012	1100	1101
chr22	45871584	1100	1101
chr22	45874489	1100	1101
chr22	45920223	1100	1101
chr22	45925648	1100	1101
chr22	45961154	1100	1101
chr22	46002298	1100	1101
chr22	46011398	1100	1101
chr22	46100814	1100	1101
chr22	46138014	1100	1101
chr22	46143769	1100	1101
chr22	46157017	1100	1101
chr22	46198566	1100	1101
chr22	46228166	1100	1101
chr22	46248356	1100	1101
chr22	46276610	1100	1101
chr22	46296542	1100	1101
chr22	46301671	1100	1101
chr22	46302993	1100	1101
chr22	46326103	1100	1101
chr22	46354962	1100	1101
chr22	46372090	1100	1101
chr22	46398729	1100	1101
chr22	46427506	1100	1101
chr22	46444081	1100	1101
chr22	46448263	1100	1101
chr22	46458469	1100	1101
chr22	46492717	1100	1101
chr22	46566848	1100	1101
chr22	46567464	1100	1101
chr22	46584503	1100	1101
chr22	46607623	1100	1101
chr22	46615207	1100	1101
chr22	46647751	1100	1101
chr22	46680374	1100	1101
chr22	46689983	1100	1101
chr22	46699551	1100	1101
chr22	46748975	1100	1101
chr22	46757561	1100	1101
chr22	46786510	1100	1101
chr22	46812486	1100	1101
chr22	46845623	1100	1101
chr22	46846175	1100	1101
chr22	46846811	1100	1101
chr22	46855097	1100	1101
chr22	46893667	1100	1101
chr22	46948191	1100	1101
chr22	46976130	1100	1101
chr22	47068776	1100	1101
chr22	47070981	1100	1101
chr22	47093565	1100	1101
chr22	47095032	1100	1101
chr22	47112894	1100	1101
chr22	47122095	1100	1101
chr22	47125609	1100	1101
chr22	47144273	1100	1101
chr22	47147008	1100	1101
chr22	47152205	1100	1101
chr22	47178531	1100	1101
chr22	47202550	1100	1101
chr22	47207201	1100	1101
chr22	47222757	1100	1101
chr22	47232449	1100	1101
chr22	47236761	1100	1101
chr22	47243302	1100	1101
chr22	47251454	1100	1101
chr22	47257570	1100	1101
chr22	47257619	1100	1101
chr22	47260108	1100	1101
chr22	47280206	1100	1101
chr22	47281170	1100	1101
chr22	47290012	1100	1101
chr22	47300056	1100	1101
chr22	47314098	1100	1101
chr22	47328340	1100	1101
chr22	47351253	1100	1101
chr22	47363058	1100	1101
chr22	47363410	1100	1101
chr22	47410106	1100	1101
chr22	47417887	1100	1101
chr22	47441686	1100	1101
chr22	47445851	1100	1101
chr22	47471474	1100	1101
chr22	47500163	1100	1101
chr22	47513939	1100	1101
chr22	47521526	1100	1101
chr22	47521935	1100	1101
chr22	47534769	1100	1101
chr22	47540177	1100	1101
chr22	47547842	1100	1101
chr22	47563305	1100	1101
chr22	47641851	1100	1101
chr22	47655249	1100	1101
chr22	47658945	1100	1101
chr22	47683520	1100	1101
chr22	47688398	1100	1101
chr22	47692696	1100	1101
chr22	47707639	1100	1101
chr22	47710418	1100	1101
chr22	47758849	1100	1101
chr22	47781029	1100	1101
chr22	47802967	1100	1101
chr22	47827114	1100	1101
chr22	47830083	1100	1101
chr22	47833848	1100	1101
chr22	47839064	1100	1101
chr22	47875282	1100	1101
chr22	47888703	1100	1101
chr22	47924545	1100	1101
chr22	47926103	1100	1101
chr22	47948045	1100	1101
chr22	47958653	1100	1101
chr22	47971481	1100	1101
chr22	47978258	1100	1101
chr22	48018953	1100	1101
chr22	48078238	1100	1101
chr22	48081511	1100	1101
chr22	48114805	1100	1101
chr22	48119867	1100	1101
chr22	48121937	1100	1101
chr22	48125527	1100	1101
chr22	48131003	1100	1101
chr22	48131909	1100	1101
chr22	48160176	1100	1101
chr22	48221253	1100	1101
chr22	48222838	1100	1101
chr22	48228628	1100	1101
chr22	48248308	1100	1101
chr22	48268961	1100	1101
chr22	48297739	1100	1101
chr22	48298779	1100	1101
chr22	48336344	1100	1101
chr22	48367863	1100	1101
chr22	48374709	1100	1101
chr22	48380385	1100	1101
chr22	48407738	1100	1101
chr22	48443441	1100	1101
chr22	48472402	1100	1101
chr22	48481594	1100	1101
chr22	48485871	1100	1101
chr22	48506394	1100	1101
chr22	48524934	1100	1101
chr22	48527411	1100	1101
chr22	48554972	1100	1101
chr22	48565202	1100	1101
chr22	48587255	1100	1101
chr22	48596170	1100	1101
chr22	48599850	1100	1101
chr22	48633187	1100	1101
chr22	48633532	1100	1101
chr22	48635845	1100	1101
chr22	48636400	1100	1101
chr22	48711711	1100	1101
chr22	48717616	1100	1101
chr22	48721252	1100	1101
chr22	48723311	1100	1101
chr22	48746758	1100	1101
chr22	48748058	1100	1101
chr22	48801426	1100	1101
chr22	48809272	1100	1101
chr22	48809654	1100	1101
chr22	48829534	1100	1101
chr22	48917332	1100	1101
chr22	48940744	1100	1101
chr22	48973314	1100	1101
chr22	48984080	1100	1101
chr22	48987521	1100	1101
chr22	49036895	1100	1101
chr22	49037695	1100	1101
chr22	49039491	1100	1101
chr22	49056479	1100	1101
chr22	49084094	1100	1101
chr22	49102058	1100	1101
chr22	49116581	1100	1101
chr22	49151974	1100	1101
chr22	49217013	1100	1101
chr22	49231645	1100	1101
chr22	49267148	1100	1101
chr22	49308567	1100	1101
chr22	49325306	1100	1101
chr22	49326452	1100	1101
chr22	49339846	1100	1101
chr22	49340549	1100	1101
chr22	49465853	1100	1101
chr22	49475113	1100	1101
chr22	49527781	1100	1101
chr22	49535162	1100	1101
chr22	49545744	1100	1101
chr22	49552799	1100	1101
chr22	49595564	1100	1101
chr22	49611106	1100	1101
chr22	49636037	1100	1101
chr22	49639611	1100	1101
chr22	49656312	1100	1101
chr22	49666318	1100	1101
chr22	49684178	1100	1101
chr22	49692683	1100	1101
chr22	49702165	1100	1101
chr22	49710241	1100	1101
chr22	49763552	1100	1101
chr22	49776238	1100	1101
chr22	49804246	1100	1101
chr22	49833972	1100	1101
chr22	49835057	1100	1101
chr22	49842024	1100	1101
chr22	49863733	1100	1101
chr22	49887774	1100	1101
chr22	49908830	1100	1101
chr22	49910579	1100	1101
chr22	49914264	1100	1101
chr22	49915086	1100	1101
chr22	49915462	1100	1101
chr22	49918775	1100	1101
chr22	49922559	1100	1101
chr22	49927828	1100	1101
chr22	49932600	1100	1101
chr22	49933141	1100	1101
chr22	49962120	1100	1101
chr22	49970877	1100	1101
chr22	49977726	1100	1101
chr22	50000553	1100	1101
chr22	50007287	1100	1101
chr22	50017281	1100	1101
chr22	50080321	1100	1101
chr22	50141918	1100	1101
chr22	50197569	1100	1101
chr22	50268361	1100	1101
chr22	50276151	1100	1101
chr22	50276777	1100	1101
chr22	50288072	1100	1101
chr22	50293541	1100	1101
chr22	50294413	1100	1101
chr22	50316631	1100	1101
chr22	50322478	1100	1101
chr22	50330880	1100	1101
chr22	50332221	1100	1101
chr22	50334258	1100	1101
chr22	50337931	1100	1101
chr22	50354601	1100	1101
chr22	50355384	1100	1101
chr22	50356457	1100	1101
chr22	50361655	1100	1101
chr22	50427593	1100	1101
chr22	50440593	1100	1101
chr22	50469622	1100	1101
chr22	50478884	1100	1101
chr22	50497414	1100	1101
chr22	50525527	1100	1101
chr22	50574829	1100	1101
chr22	50619266	1100	1101
chr22	50634589	1100	1101
chr22	50647121	1100	1101
chr22	50667810	1100	1101
chr22	50704034	1100	1101
chr22	50738712	1100	1101
chr22	50739621	1100	1101
chr22	50741847	1100	1101
chr22	50753468	1100	1101
chr22	50811267	1100	1101
chr22	50814323	1100	1101
chr22	50819526	1100	1101
chr22	50840906	1100	1101
chr22	50859274	1100	1101
chr22	50905806	1100	1101
chr22	50950703	1100	1101
chr22	50953106	1100	1101
chr22	51030490	1100	1101
chr22	51039913	1100	1101
chr22	51043438	1100	1101
chr22	51059622	1100	1101
chr22	51100864	1100	1101
chr22	51110628	1100	1101
chr22	51166282	1100	1101
chr22	51173739	1100	1101
chr22	51176606	1100	1101
chr22	51213774	1100	1101
chr22	16375878	1100	1100
chr22	17527827	1100	1100
chr22	17740223	1100	1100
chr22	18077779	1100	1100
chr22	18186949	1100	1100
chr22	18752145	1100	1100
chr22	19011088	1100	1100
chr22	19119324	1100	1100
chr22	19149042	1100	1100
chr22	19184814	1100	1100
chr22	19516179	1100	1100
chr22	19947346	1100	1100
chr22	19947347	1100	1100
chr22	21091149	1100	1100
chr22	22137021	1100	1100
chr22	22538486	1100	1100
chr22	22701638	1100	1100
chr22	23155815	1100	1100
chr22	23207847	1100	1100
chr22	23317813	1100	1100
chr22	23439565	1100	1100
chr22	23834366	1100	1100
chr22	24510991	1100	1100
chr22	24817328	1100	1100
chr22	25023577	1100	1100
chr22	25336704	1100	1100
chr22	26375190	1100	1100
chr22	27595687	1100	1100
chr22	27803786	1100	1100
chr22	27838305	1100	1100
chr22	28405609	1100	1100
chr22	28717285	1100	1100
chr22	29002731	1100	1100
chr22	29589549	1100	1100
chr22	29628102	1100	1100
chr22	30012740	1100	1100
chr22	30630677	1100	1100
chr22	30775731	1100	1100
chr22	31378093	1100	1100
chr22	31839593	1100	1100
chr22	33583956	1100	1100
chr22	33979088	1100	1100
chr22	34836117	1100	1100
chr22	34931332	1100	1100
chr22	35172303	1100	1100
chr22	35240904	1100	1100
chr22	35992902	1100	1100
chr22	36265968	1100	1100
chr22	36742313	1100	1100
chr22	37114139	1100	1100
chr22	37908489	1100	1100
chr22	38082385	1100	1100
chr22	38363080	1100	1100
chr22	38452512	1100	1100
chr22	38795998	1100	1100
chr22	38875580	1100	1100
chr22	39459755	1100	1100
chr22	39667695	1100	1100
chr22	40635736	1100	1100
chr22	40894536	1100	1100
chr22	41851495	1100	1100
chr22	42583054	1100	1100
chr22	42936609	1100	1100
chr22	43027796	1100	1100
chr22	44165050	1100	1100
chr22	45744424	1100	1100
chr22	46030451	1100	1100
chr22	46085413	1100	1100
chr22	46727396	1100	1100
chr22	48245143	1100	1100
chr22	49690378	1100	1100
chr22	50535792	1100	1100
chr22	50598235	1100	1100
chr22	51207234	1100	1100
