-----
Chromosome	Location	Original Code	New Code
-----
chr22	16208756	1101	1111
chr22	16208762	1101	1111
chr22	16208767	1101	1111
chr22	16345547	1101	1111
chr22	16345549	1101	1111
chr22	16347639	1101	1111
chr22	16347827	1101	1111
chr22	16365117	1101	1111
chr22	16489705	1101	1111
chr22	16661659	1101	1111
chr22	16873867	1101	1111
chr22	16952978	1101	1111
chr22	18780549	1101	1111
chr22	18836501	1101	1111
chr22	20474524	1101	1111
chr22	21505702	1101	1111
chr22	21570790	1101	1111
chr22	21819437	1101	1111
chr22	23653555	1101	1111
chr22	23659643	1101	1111
chr22	25016121	1101	1111
chr22	25663036	1101	1111
chr22	35563729	1101	1111
chr22	45724132	1101	1111
chr22	51118478	1101	1111
chr22	16387795	1101	1101
chr22	18779975	1101	1101
chr22	18789062	1101	1101
chr22	18841931	1101	1101
chr22	20330122	1101	1101
chr22	24655872	1101	1101
chr22	50196281	1101	1101
chr22	16306250	1100	1111
chr22	20449216	1100	1111
chr22	20652065	1100	1111
chr22	27492944	1100	1100
chr22	16205497	1110	1111
chr22	16206106	1110	1111
chr22	16463039	1110	1111
chr22	16655722	1110	1111
chr22	16661840	1110	1111
chr22	16909454	1110	1111
chr22	16937959	1110	1111
chr22	18748118	1110	1111
chr22	18767839	1110	1111
chr22	19684423	1110	1111
chr22	20298581	1110	1111
chr22	20330513	1110	1111
chr22	20470617	1110	1111
chr22	21066942	1110	1111
chr22	21554218	1110	1111
chr22	21602657	1110	1111
chr22	21665168	1110	1111
chr22	21702020	1110	1111
chr22	21718120	1110	1111
chr22	22970974	1110	1111
chr22	24007798	1110	1111
chr22	25065777	1110	1111
chr22	25065795	1110	1111
chr22	25070472	1110	1111
chr22	28732923	1110	1111
chr22	35076455	1110	1111
chr22	35187403	1110	1111
chr22	38626051	1110	1111
chr22	42914974	1110	1111
chr22	43030870	1110	1111
chr22	50467610	1110	1111
chr22	16078893	1110	1110
chr22	20322149	1110	1110
chr22	31846827	1110	1110
chr22	31846828	1110	1110
chr22	31846829	1110	1110
chr22	31846830	1110	1110
chr22	38781082	1110	1110
chr22	16695096	0101	0111
chr22	18559334	0101	0111
chr22	21052733	0101	0111
chr22	22135301	0101	0111
chr22	24009879	0101	0111
chr22	27796768	0101	0111
chr22	28983072	0101	0111
chr22	29629114	0101	0111
chr22	30501274	0101	0111
chr22	31523614	0101	0111
chr22	32025615	0101	0111
chr22	34168857	0101	0111
chr22	37408876	0101	0111
chr22	39993591	0101	0111
chr22	45389761	0101	0111
chr22	45767901	0101	0111
chr22	46741773	0101	0111
chr22	49074954	0101	0111
chr22	16113004	0101	0101
chr22	41969373	0101	0101
chr22	16406130	1001	1111
chr22	19947341	1001	1111
chr22	20320242	1001	1111
chr22	22979131	1001	1111
chr22	27696393	1001	1111
chr22	44509903	1001	1111
chr22	16264241	1001	1001
chr22	17108622	1001	1001
chr22	17890260	1001	1001
chr22	18116662	1001	1001
chr22	18328743	1001	1001
chr22	18770323	1001	1001
chr22	19394304	1001	1001
chr22	19947346	1001	1001
chr22	20194129	1001	1001
chr22	20443848	1001	1001
chr22	22069190	1001	1001
chr22	22340005	1001	1001
chr22	22425572	1001	1001
chr22	23353695	1001	1001
chr22	24455517	1001	1001
chr22	24692401	1001	1001
chr22	25172383	1001	1001
chr22	26589475	1001	1001
chr22	27129585	1001	1001
chr22	27150500	1001	1001
chr22	27625137	1001	1001
chr22	27655530	1001	1001
chr22	28370422	1001	1001
chr22	28407419	1001	1001
chr22	29321687	1001	1001
chr22	30938497	1001	1001
chr22	31790206	1001	1001
chr22	32348808	1001	1001
chr22	32603623	1001	1001
chr22	33250817	1001	1001
chr22	34077223	1001	1001
chr22	34268460	1001	1001
chr22	34306620	1001	1001
chr22	34330448	1001	1001
chr22	34798960	1001	1001
chr22	35456369	1001	1001
chr22	35636740	1001	1001
chr22	36508966	1001	1001
chr22	36707266	1001	1001
chr22	36759906	1001	1001
chr22	36871626	1001	1001
chr22	37434635	1001	1001
chr22	37572148	1001	1001
chr22	38604604	1001	1001
chr22	40763619	1001	1001
chr22	40956857	1001	1001
chr22	41067169	1001	1001
chr22	41761165	1001	1001
chr22	41953643	1001	1001
chr22	42003622	1001	1001
chr22	42564765	1001	1001
chr22	43018882	1001	1001
chr22	43613789	1001	1001
chr22	43824117	1001	1001
chr22	43956953	1001	1001
chr22	45549592	1001	1001
chr22	45585380	1001	1001
chr22	46529405	1001	1001
chr22	46904444	1001	1001
chr22	47490249	1001	1001
chr22	48591277	1001	1001
chr22	48761347	1001	1001
chr22	49146561	1001	1001
chr22	49691642	1001	1001
chr22	49953906	1001	1001
chr22	50328850	1001	1001
chr22	50731985	1001	1001
chr22	51122853	1001	1001
chr22	16384639	1010	1111
chr22	18802480	1010	1111
chr22	49074977	1010	1111
chr22	49074978	1010	1111
chr22	16537357	0011	0111
chr22	18396166	0011	0111
chr22	19195080	0011	0111
chr22	20025752	0011	0111
chr22	21571993	0011	0111
chr22	22565635	0011	0111
chr22	23112196	0011	0111
chr22	23680589	0011	0111
chr22	24629817	0011	0111
chr22	25099368	0011	0111
chr22	29811830	0011	0111
chr22	30000651	0011	0111
chr22	30133633	0011	0111
chr22	30209103	0011	0111
chr22	30792350	0011	0111
chr22	37470256	0011	0111
chr22	39237144	0011	0111
chr22	40572366	0011	0111
chr22	41374600	0011	0111
chr22	41791848	0011	0111
chr22	42560558	0011	0111
chr22	42563529	0011	0111
chr22	43883807	0011	0111
chr22	44385340	0011	0111
chr22	44826616	0011	0111
chr22	45997409	0011	0111
chr22	46032731	0011	0111
chr22	46512491	0011	0111
chr22	46759905	0011	0111
chr22	47537175	0011	0111
chr22	50792174	0011	0111
chr22	16081329	1011	1111
chr22	16364901	1011	1111
chr22	17030334	1011	1111
chr22	17031962	1011	1111
chr22	18774367	1011	1111
chr22	18929913	1011	1111
chr22	20291912	1011	1111
chr22	20324038	1011	1111
chr22	20394502	1011	1111
chr22	21517491	1011	1111
chr22	21520872	1011	1111
chr22	21605678	1011	1111
chr22	21626227	1011	1111
chr22	24651927	1011	1111
chr22	25642250	1011	1111
chr22	25642251	1011	1111
chr22	25701127	1011	1111
chr22	35888195	1011	1111
chr22	48648660	1011	1111
chr22	48648663	1011	1111
chr22	48875205	1011	1111
chr22	48875229	1011	1111
chr22	48875260	1011	1111
chr22	18823741	1011	1011
chr22	35888192	1011	1011
SUBPOPULATION MOVEMENTS
-----
chr22	16866996	1000	1001
chr22	16876516	1000	1001
chr22	17202671	1000	1001
chr22	17590113	1000	1001
chr22	17792503	1000	1001
chr22	17994494	1000	1001
chr22	18420324	1000	1001
chr22	18434689	1000	1001
chr22	18446950	1000	1001
chr22	18455341	1000	1001
chr22	18497308	1000	1001
chr22	18652649	1000	1001
chr22	19007077	1000	1001
chr22	19069858	1000	1001
chr22	19088679	1000	1001
chr22	19247601	1000	1001
chr22	19310106	1000	1001
chr22	19946156	1000	1001
chr22	20134810	1000	1001
chr22	20153077	1000	1001
chr22	20153931	1000	1001
chr22	20334296	1000	1001
chr22	21218700	1000	1001
chr22	21947135	1000	1001
chr22	22424920	1000	1001
chr22	22554686	1000	1001
chr22	23754977	1000	1001
chr22	24125501	1000	1001
chr22	24159347	1000	1001
chr22	24729576	1000	1001
chr22	25093645	1000	1001
chr22	25324714	1000	1001
chr22	25398344	1000	1001
chr22	25495560	1000	1001
chr22	25512877	1000	1001
chr22	25765194	1000	1001
chr22	26324351	1000	1001
chr22	26367541	1000	1001
chr22	26395132	1000	1001
chr22	26783402	1000	1001
chr22	26808090	1000	1001
chr22	26813483	1000	1001
chr22	26952105	1000	1001
chr22	27130773	1000	1001
chr22	27437650	1000	1001
chr22	27481817	1000	1001
chr22	27660040	1000	1001
chr22	28090431	1000	1001
chr22	28142476	1000	1001
chr22	28291579	1000	1001
chr22	28537095	1000	1001
chr22	28628496	1000	1001
chr22	28798638	1000	1001
chr22	29327941	1000	1001
chr22	29423935	1000	1001
chr22	29472391	1000	1001
chr22	29507560	1000	1001
chr22	29830342	1000	1001
chr22	29977845	1000	1001
chr22	30034223	1000	1001
chr22	30131944	1000	1001
chr22	30189663	1000	1001
chr22	30744904	1000	1001
chr22	31103982	1000	1001
chr22	31129839	1000	1001
chr22	31444930	1000	1001
chr22	31445117	1000	1001
chr22	31871232	1000	1001
chr22	32128255	1000	1001
chr22	32584953	1000	1001
chr22	32719060	1000	1001
chr22	33306026	1000	1001
chr22	33369601	1000	1001
chr22	33641257	1000	1001
chr22	34086242	1000	1001
chr22	34460629	1000	1001
chr22	34764164	1000	1001
chr22	34806058	1000	1001
chr22	34873986	1000	1001
chr22	35540682	1000	1001
chr22	35706324	1000	1001
chr22	36010970	1000	1001
chr22	36129436	1000	1001
chr22	36720070	1000	1001
chr22	37016198	1000	1001
chr22	37153219	1000	1001
chr22	37673654	1000	1001
chr22	37744976	1000	1001
chr22	37962538	1000	1001
chr22	38565903	1000	1001
chr22	38730195	1000	1001
chr22	38753855	1000	1001
chr22	39033804	1000	1001
chr22	39358264	1000	1001
chr22	39470954	1000	1001
chr22	39938187	1000	1001
chr22	40131680	1000	1001
chr22	40215970	1000	1001
chr22	40392340	1000	1001
chr22	40411478	1000	1001
chr22	40433063	1000	1001
chr22	40492690	1000	1001
chr22	40675037	1000	1001
chr22	40836783	1000	1001
chr22	40875737	1000	1001
chr22	41307139	1000	1001
chr22	41779897	1000	1001
chr22	41893605	1000	1001
chr22	42003405	1000	1001
chr22	42155799	1000	1001
chr22	42193383	1000	1001
chr22	42286987	1000	1001
chr22	42298325	1000	1001
chr22	43038103	1000	1001
chr22	43089587	1000	1001
chr22	43574869	1000	1001
chr22	43740870	1000	1001
chr22	43788724	1000	1001
chr22	44288133	1000	1001
chr22	44368602	1000	1001
chr22	44651296	1000	1001
chr22	45177964	1000	1001
chr22	45302041	1000	1001
chr22	45661385	1000	1001
chr22	45985543	1000	1001
chr22	46577182	1000	1001
chr22	46867787	1000	1001
chr22	47773984	1000	1001
chr22	47888047	1000	1001
chr22	48475582	1000	1001
chr22	48648411	1000	1001
chr22	48659197	1000	1001
chr22	49015884	1000	1001
chr22	49031062	1000	1001
chr22	49233160	1000	1001
chr22	49856809	1000	1001
chr22	49910586	1000	1001
chr22	50024348	1000	1001
chr22	50339315	1000	1001
chr22	50660682	1000	1001
chr22	18089256	1000	1000
chr22	23392383	1000	1000
chr22	25665764	1000	1000
chr22	28602356	1000	1000
chr22	35221592	1000	1000
chr22	37802531	1000	1000
chr22	39790393	1000	1000
chr22	43211342	1000	1000
