-----
Chromosome	Location	Original Code	New Code
-----
chr22	20298220	11100	11111
chr22	20470617	11100	11111
chr22	25071320	11100	11111
chr22	48875229	11100	11111
chr22	51118478	11100	11111
chr22	16309752	11100	11100
chr22	21470346	11100	11100
chr22	16103935	11101	11111
chr22	16237555	11101	11111
chr22	16489239	11101	11111
chr22	16973059	11101	11111
chr22	18780549	11101	11111
chr22	18787128	11101	11111
chr22	19947347	11101	11111
chr22	20346278	11101	11111
chr22	21600633	11101	11111
chr22	21637140	11101	11111
chr22	21639323	11101	11111
chr22	23505804	11101	11111
chr22	24009444	11101	11111
chr22	47000916	11101	11111
chr22	48648411	11101	11111
chr22	49249212	11101	11111
chr22	49258765	11101	11111
chr22	50843850	11101	11111
chr22	51229495	11101	11111
chr22	18844942	11101	11101
chr22	20490447	11101	11101
chr22	49662220	11101	11101
chr22	50467610	11101	11101
chr22	16082887	00101	00111
chr22	16243132	00101	00111
chr22	17768383	00101	00111
chr22	18299322	00101	00111
chr22	18649549	00101	00111
chr22	18837708	00101	00111
chr22	19408108	00101	00111
chr22	19486386	00101	00111
chr22	21387665	00101	00111
chr22	22050742	00101	00111
chr22	24288525	00101	00111
chr22	25598619	00101	00111
chr22	26816728	00101	00111
chr22	26849064	00101	00111
chr22	27501568	00101	00111
chr22	27710236	00101	00111
chr22	27933938	00101	00111
chr22	28427689	00101	00111
chr22	29084788	00101	00111
chr22	30037782	00101	00111
chr22	30366883	00101	00111
chr22	31126988	00101	00111
chr22	31157814	00101	00111
chr22	31316035	00101	00111
chr22	32601557	00101	00111
chr22	33593378	00101	00111
chr22	33634194	00101	00111
chr22	34349557	00101	00111
chr22	34364081	00101	00111
chr22	35062524	00101	00111
chr22	35627833	00101	00111
chr22	36536713	00101	00111
chr22	37210633	00101	00111
chr22	38104714	00101	00111
chr22	39467753	00101	00111
chr22	40824068	00101	00111
chr22	41138441	00101	00111
chr22	41890242	00101	00111
chr22	43197146	00101	00111
chr22	45907723	00101	00111
chr22	46110075	00101	00111
chr22	46192461	00101	00111
chr22	46873438	00101	00111
chr22	47866098	00101	00111
chr22	48272210	00101	00111
chr22	48545855	00101	00111
chr22	48889284	00101	00111
chr22	49072717	00101	00111
chr22	49409204	00101	00111
chr22	49675390	00101	00111
chr22	51029848	00101	00111
chr22	16156771	00101	00101
chr22	16536073	00101	00101
chr22	16695096	10001	11111
chr22	20626695	10001	11111
chr22	21683529	10001	11111
chr22	16352240	11010	11111
chr22	21602657	11010	11111
chr22	50467481	11010	11111
chr22	16302297	11011	11111
chr22	16354754	11011	11111
chr22	16647946	11011	11111
chr22	16902513	11011	11111
chr22	18774869	11011	11111
chr22	18791458	11011	11111
chr22	20320655	11011	11111
chr22	20322149	11011	11111
chr22	20449100	11011	11111
chr22	21505702	11011	11111
chr22	21600238	11011	11111
chr22	21735049	11011	11111
chr22	22643421	11011	11111
chr22	23242263	11011	11111
chr22	25002815	11011	11111
chr22	25016442	11011	11111
chr22	35186952	11011	11111
chr22	35563729	11011	11111
chr22	35563775	11011	11111
chr22	36089136	11011	11111
chr22	16113372	11011	11011
chr22	16320235	11011	11011
chr22	21494149	11011	11011
chr22	32692809	11011	11011
chr22	34955296	11011	11011
chr22	16406130	11001	11111
chr22	16365117	10010	11111
chr22	18836501	10010	11111
chr22	16236958	00110	00111
chr22	17130432	00110	00111
chr22	17597338	00110	00111
chr22	18021162	00110	00111
chr22	18527431	00110	00111
chr22	19931890	00110	00111
chr22	20209595	00110	00111
chr22	21066930	00110	00111
chr22	21274538	00110	00111
chr22	21359738	00110	00111
chr22	22311047	00110	00111
chr22	22649775	00110	00111
chr22	22976561	00110	00111
chr22	23134205	00110	00111
chr22	23601836	00110	00111
chr22	24317431	00110	00111
chr22	24630407	00110	00111
chr22	24848084	00110	00111
chr22	25713838	00110	00111
chr22	25736831	00110	00111
chr22	25828330	00110	00111
chr22	25944601	00110	00111
chr22	26002007	00110	00111
chr22	26025251	00110	00111
chr22	27583668	00110	00111
chr22	27625012	00110	00111
chr22	29745395	00110	00111
chr22	31826118	00110	00111
chr22	31901920	00110	00111
chr22	32373241	00110	00111
chr22	32620201	00110	00111
chr22	33599486	00110	00111
chr22	33909467	00110	00111
chr22	34469737	00110	00111
chr22	35189922	00110	00111
chr22	36591318	00110	00111
chr22	36818466	00110	00111
chr22	37167323	00110	00111
chr22	37568547	00110	00111
chr22	38359585	00110	00111
chr22	38684889	00110	00111
chr22	39421650	00110	00111
chr22	39467769	00110	00111
chr22	40653000	00110	00111
chr22	41601572	00110	00111
chr22	43128367	00110	00111
chr22	43206205	00110	00111
chr22	43636081	00110	00111
chr22	43994564	00110	00111
chr22	47491575	00110	00111
chr22	47819133	00110	00111
chr22	47865070	00110	00111
chr22	49278525	00110	00111
chr22	49346063	00110	00111
chr22	49477990	00110	00111
chr22	50475158	00110	00111
chr22	51140647	00110	00111
chr22	51155433	00110	00111
chr22	50830787	00110	00110
chr22	16104668	01011	11111
chr22	20706869	01011	01011
chr22	21038134	01011	01011
chr22	48981270	01011	01011
chr22	19022182	01100	11111
chr22	16223418	11110	11111
chr22	16384639	11110	11111
chr22	16463039	11110	11111
chr22	16984522	11110	11111
chr22	17031581	11110	11111
chr22	17031584	11110	11111
chr22	17360441	11110	11111
chr22	18789625	11110	11111
chr22	18802480	11110	11111
chr22	19684423	11110	11111
chr22	20298581	11110	11111
chr22	20320229	11110	11111
chr22	20320242	11110	11111
chr22	20624711	11110	11111
chr22	21515683	11110	11111
chr22	21636129	11110	11111
chr22	22623022	11110	11111
chr22	24009918	11110	11111
chr22	24195832	11110	11111
chr22	25920066	11110	11111
chr22	34493709	11110	11111
chr22	35076455	11110	11111
chr22	35186202	11110	11111
chr22	42914974	11110	11111
chr22	48875205	11110	11111
chr22	49074933	11110	11111
chr22	49249195	11110	11111
chr22	51227891	11110	11111
chr22	20501608	11110	11110
chr22	16078974	01010	01010
chr22	49233160	01010	01010
chr22	16546581	10110	11111
chr22	18843741	10110	11111
chr22	20449216	10110	11111
chr22	18725820	10110	10110
chr22	24323878	11000	11111
chr22	24369345	11000	11111
chr22	17373956	01101	11111
chr22	18841052	01101	11111
chr22	19022175	01101	11111
chr22	16096159	10111	11111
chr22	16210642	10111	11111
chr22	16213573	10111	11111
chr22	16345547	10111	11111
chr22	16345549	10111	11111
chr22	16384689	10111	11111
chr22	16546880	10111	11111
chr22	16573733	10111	11111
chr22	16664518	10111	11111
chr22	16874345	10111	11111
chr22	18715288	10111	11111
chr22	18836515	10111	11111
chr22	20652065	10111	11111
chr22	20705118	10111	11111
chr22	21520872	10111	11111
chr22	21569167	10111	11111
chr22	21575800	10111	11111
chr22	24007798	10111	11111
chr22	24010403	10111	11111
chr22	24651963	10111	11111
chr22	24657872	10111	11111
chr22	25701127	10111	11111
chr22	45724132	10111	11111
chr22	21480192	10111	10111
chr22	49793383	10111	10111
chr22	24654059	01001	11111
chr22	48648660	01001	11111
chr22	48648663	01001	11111
chr22	19947359	01001	01001
chr22	16083573	10011	11111
chr22	16099957	10011	11111
chr22	16251281	10011	11111
chr22	16364923	10011	11111
chr22	18752106	10011	11111
chr22	21819437	10011	11111
chr22	25016121	10011	11111
chr22	45280557	10011	11111
chr22	21718261	10100	11111
chr22	49074950	10100	11111
chr22	18089256	10100	10100
chr22	16655722	10101	11111
chr22	17373889	10101	11111
chr22	21718250	10101	11111
chr22	25336642	10101	11111
chr22	47999083	10101	10101
chr22	16898206	01110	11111
chr22	16990392	01110	11111
chr22	21718120	01110	11111
chr22	44509903	01110	11111
chr22	16250790	01111	11111
chr22	16250862	01111	11111
chr22	16302337	01111	11111
chr22	16909454	01111	11111
chr22	16956445	01111	11111
chr22	16990407	01111	11111
chr22	18774367	01111	11111
chr22	20324038	01111	11111
chr22	20486571	01111	11111
chr22	20491664	01111	11111
chr22	21066942	01111	11111
chr22	22979131	01111	11111
chr22	24009862	01111	11111
chr22	25070472	01111	11111
chr22	25913027	01111	11111
chr22	31986132	01111	11111
chr22	35187389	01111	11111
chr22	38787703	01111	11111
chr22	49209303	01111	11111
chr22	51121171	01111	11111
chr22	16346045	01111	01111
chr22	21479770	01111	01111
