-----
Chromosome	Location	Original Code	New Code
-----
chr22	18752095	11100	11111
chr22	18752106	11100	11111
chr22	21718120	11100	11111
chr22	18752145	11100	11100
chr22	16061992	11101	11111
chr22	16345547	11101	11111
chr22	16345549	11101	11111
chr22	16346070	11101	11111
chr22	16507651	11101	11111
chr22	16590575	11101	11111
chr22	16590578	11101	11111
chr22	16661659	11101	11111
chr22	16898206	11101	11111
chr22	16953044	11101	11111
chr22	18774367	11101	11111
chr22	18780513	11101	11111
chr22	18787761	11101	11111
chr22	18823741	11101	11111
chr22	18904875	11101	11111
chr22	19021819	11101	11111
chr22	19684423	11101	11111
chr22	19947346	11101	11111
chr22	19947347	11101	11111
chr22	20330148	11101	11111
chr22	21486204	11101	11111
chr22	21520872	11101	11111
chr22	21569167	11101	11111
chr22	21586643	11101	11111
chr22	21705663	11101	11111
chr22	22668885	11101	11111
chr22	24652371	11101	11111
chr22	25048768	11101	11111
chr22	25070472	11101	11111
chr22	25701126	11101	11111
chr22	25909739	11101	11111
chr22	36131220	11101	11111
chr22	42967403	11101	11111
chr22	43475169	11101	11111
chr22	49074977	11101	11111
chr22	49122311	11101	11111
chr22	50467481	11101	11111
chr22	50746955	11101	11111
chr22	51121171	11101	11111
chr22	35076455	11101	11101
chr22	47742843	11101	11101
chr22	16281970	00101	00111
chr22	18047084	00101	00111
chr22	18950470	00101	00111
chr22	19828568	00101	00111
chr22	19901792	00101	00111
chr22	20189345	00101	00111
chr22	20368653	00101	00111
chr22	20627265	00101	00111
chr22	21155562	00101	00111
chr22	21549028	00101	00111
chr22	22147979	00101	00111
chr22	22505190	00101	00111
chr22	22642435	00101	00111
chr22	23328879	00101	00111
chr22	23650571	00101	00111
chr22	23700540	00101	00111
chr22	23831032	00101	00111
chr22	24023559	00101	00111
chr22	26603394	00101	00111
chr22	26627604	00101	00111
chr22	27179511	00101	00111
chr22	27496086	00101	00111
chr22	28002827	00101	00111
chr22	28532987	00101	00111
chr22	29503542	00101	00111
chr22	30643055	00101	00111
chr22	31245665	00101	00111
chr22	31399877	00101	00111
chr22	32549343	00101	00111
chr22	34131236	00101	00111
chr22	34186018	00101	00111
chr22	34341636	00101	00111
chr22	35020862	00101	00111
chr22	35328795	00101	00111
chr22	35708801	00101	00111
chr22	35713985	00101	00111
chr22	35961210	00101	00111
chr22	36824654	00101	00111
chr22	37093298	00101	00111
chr22	39064555	00101	00111
chr22	40698664	00101	00111
chr22	42090519	00101	00111
chr22	42575008	00101	00111
chr22	42727309	00101	00111
chr22	42855619	00101	00111
chr22	43388529	00101	00111
chr22	43452223	00101	00111
chr22	44558113	00101	00111
chr22	44884090	00101	00111
chr22	45557975	00101	00111
chr22	45976371	00101	00111
chr22	46208573	00101	00111
chr22	47651581	00101	00111
chr22	48448773	00101	00111
chr22	49058262	00101	00111
chr22	49350250	00101	00111
chr22	50188645	00101	00111
chr22	50597152	00101	00111
chr22	50666191	00101	00111
chr22	50683471	00101	00111
chr22	50683503	00101	00111
chr22	31846827	00101	00101
chr22	31846828	00101	00101
chr22	49662220	00101	00101
chr22	16208767	11010	11111
chr22	18791458	11010	11111
chr22	18836601	11010	11111
chr22	21626227	11010	11111
chr22	24651963	11010	11111
chr22	21470346	11010	11010
chr22	16081329	11011	11111
chr22	16114337	11011	11111
chr22	16333119	11011	11111
chr22	16340551	11011	11111
chr22	16387795	11011	11111
chr22	16546581	11011	11111
chr22	16661840	11011	11111
chr22	16909454	11011	11111
chr22	16984522	11011	11111
chr22	18655607	11011	11111
chr22	18789625	11011	11111
chr22	20298581	11011	11111
chr22	21624702	11011	11111
chr22	21720452	11011	11111
chr22	21819437	11011	11111
chr22	25016121	11011	11111
chr22	31986132	11011	11111
chr22	44509163	11011	11111
chr22	49233160	11011	11111
chr22	49249212	11011	11111
chr22	20639022	11011	11011
chr22	21515683	11011	11011
chr22	21592770	11011	11011
chr22	25336700	11011	11011
chr22	25336704	11011	11011
chr22	16302297	11001	11111
chr22	20449100	11001	11111
chr22	25002815	11001	11111
chr22	49074978	11001	11111
chr22	44509392	11001	11001
chr22	22981754	10010	11111
chr22	24323878	10010	11111
chr22	17665785	00110	00111
chr22	19537628	00110	00111
chr22	19675700	00110	00111
chr22	20019917	00110	00111
chr22	21571993	00110	00111
chr22	22161777	00110	00111
chr22	22265761	00110	00111
chr22	23445809	00110	00111
chr22	23899501	00110	00111
chr22	24400504	00110	00111
chr22	24469169	00110	00111
chr22	24971685	00110	00111
chr22	25086864	00110	00111
chr22	25932371	00110	00111
chr22	27031403	00110	00111
chr22	29089688	00110	00111
chr22	29226092	00110	00111
chr22	29292830	00110	00111
chr22	30828067	00110	00111
chr22	31043105	00110	00111
chr22	31490419	00110	00111
chr22	31909595	00110	00111
chr22	32681525	00110	00111
chr22	33557521	00110	00111
chr22	33987007	00110	00111
chr22	34849357	00110	00111
chr22	35242656	00110	00111
chr22	36228215	00110	00111
chr22	36481433	00110	00111
chr22	37525028	00110	00111
chr22	38337134	00110	00111
chr22	38362088	00110	00111
chr22	38482294	00110	00111
chr22	38620231	00110	00111
chr22	39344456	00110	00111
chr22	40317731	00110	00111
chr22	40548817	00110	00111
chr22	40680572	00110	00111
chr22	41694824	00110	00111
chr22	41983189	00110	00111
chr22	42180808	00110	00111
chr22	43934634	00110	00111
chr22	44165644	00110	00111
chr22	44241575	00110	00111
chr22	44587149	00110	00111
chr22	44636663	00110	00111
chr22	45935271	00110	00111
chr22	46279529	00110	00111
chr22	46356726	00110	00111
chr22	46430792	00110	00111
chr22	46521269	00110	00111
chr22	46829487	00110	00111
chr22	47195015	00110	00111
chr22	48121349	00110	00111
chr22	48220369	00110	00111
chr22	48794647	00110	00111
chr22	49363892	00110	00111
chr22	49762846	00110	00111
chr22	50682688	00110	00111
chr22	50842042	00110	00111
chr22	51144856	00110	00111
chr22	47000776	01011	11111
chr22	21718264	01100	11111
chr22	25071320	01100	11111
chr22	16347639	11110	11111
chr22	16873867	11110	11111
chr22	16873877	11110	11111
chr22	16902551	11110	11111
chr22	17031567	11110	11111
chr22	17373889	11110	11111
chr22	18349379	11110	11111
chr22	22991257	11110	11111
chr22	25071286	11110	11111
chr22	25642250	11110	11111
chr22	25642251	11110	11111
chr22	42963183	11110	11111
chr22	42963187	11110	11111
chr22	45280557	11110	11111
chr22	47000916	11110	11111
chr22	50746656	11110	11111
chr22	16208762	01010	11111
chr22	20856226	01010	11111
chr22	43030870	01010	11111
chr22	18572472	01010	01010
chr22	16354754	10110	11111
chr22	17373956	10110	11111
chr22	21639323	10110	11111
chr22	16409806	10111	11111
chr22	16916066	10111	11111
chr22	18652023	10111	11111
chr22	18684929	10111	11111
chr22	18738469	10111	11111
chr22	18836501	10111	11111
chr22	20320731	10111	11111
chr22	20354187	10111	11111
chr22	20706869	10111	11111
chr22	21605678	10111	11111
chr22	23653555	10111	11111
chr22	23661800	10111	11111
chr22	25051265	10111	11111
chr22	25065777	10111	11111
chr22	25741902	10111	11111
chr22	35563729	10111	11111
chr22	39985283	10111	11111
chr22	45724050	10111	11111
chr22	16078974	10111	10111
chr22	16236684	10111	10111
chr22	48128394	01001	11111
chr22	20490201	01001	01001
chr22	21483485	01001	01001
chr22	49696548	01001	01001
chr22	16540035	10011	11111
chr22	20320242	10011	11111
chr22	47255448	10011	11111
chr22	25336718	10011	10011
chr22	48981270	10011	10011
chr22	50872499	10100	10100
chr22	16113004	10101	11111
chr22	16352240	10101	11111
chr22	22970974	10101	11111
chr22	48875205	10101	11111
chr22	48875229	10101	11111
chr22	42522498	01110	11111
chr22	49793383	01110	01110
chr22	16104668	01111	11111
chr22	16201713	01111	11111
chr22	16346071	01111	11111
chr22	16365117	01111	11111
chr22	16655722	01111	11111
chr22	16973059	01111	11111
chr22	17050777	01111	11111
chr22	18802480	01111	11111
chr22	18840863	01111	11111
chr22	20320229	01111	11111
chr22	20486571	01111	11111
chr22	20491664	01111	11111
chr22	21066942	01111	11111
chr22	21494149	01111	11111
chr22	21572364	01111	11111
chr22	21602657	01111	11111
chr22	23680589	01111	11111
chr22	35563315	01111	11111
chr22	44510539	01111	11111
chr22	50066487	01111	11111
chr22	51227891	01111	11111
chr22	16223418	01111	01111
chr22	21718250	01111	01111
chr22	43202339	01111	01111
