-----
Chromosome	Location	Original Code	New Code
-----
chr22	16236958	11100	11111
chr22	25642251	11100	11111
chr22	48648411	11100	11111
chr22	44510273	11100	11100
chr22	16078893	11101	11111
chr22	16208762	11101	11111
chr22	16208767	11101	11111
chr22	16463039	11101	11111
chr22	16984522	11101	11111
chr22	17028148	11101	11111
chr22	17030449	11101	11111
chr22	17031584	11101	11111
chr22	17373956	11101	11111
chr22	17499512	11101	11111
chr22	18748118	11101	11111
chr22	18774367	11101	11111
chr22	18843741	11101	11111
chr22	19684429	11101	11111
chr22	20322149	11101	11111
chr22	25642250	11101	11111
chr22	38120041	11101	11111
chr22	38183470	11101	11111
chr22	44510591	11101	11111
chr22	50467481	11101	11111
chr22	51229495	11101	11111
chr22	21618989	11101	11101
chr22	22979131	11101	11101
chr22	49662220	11101	11101
chr22	22096550	00101	01111
chr22	33733409	00101	01111
chr22	36760541	00101	01111
chr22	40968248	00101	01111
chr22	44455001	00101	01111
chr22	16540035	10001	10001
chr22	17374498	11010	11111
chr22	21570790	11010	11111
chr22	21718120	11010	11111
chr22	32846128	11010	11111
chr22	47000916	11010	11111
chr22	49074954	11010	11111
chr22	16081329	11010	11010
chr22	51227891	11010	11010
chr22	16096026	11011	11111
chr22	16101094	11011	11111
chr22	16302297	11011	11111
chr22	16302337	11011	11111
chr22	16602841	11011	11111
chr22	16661659	11011	11111
chr22	16874804	11011	11111
chr22	16973059	11011	11111
chr22	16990420	11011	11111
chr22	17358260	11011	11111
chr22	18752145	11011	11111
chr22	18787128	11011	11111
chr22	18789625	11011	11111
chr22	18802480	11011	11111
chr22	20320655	11011	11111
chr22	21515683	11011	11111
chr22	21602657	11011	11111
chr22	21662663	11011	11111
chr22	21665168	11011	11111
chr22	23653555	11011	11111
chr22	42967809	11011	11111
chr22	42967819	11011	11111
chr22	42967823	11011	11111
chr22	49249195	11011	11111
chr22	49662219	11011	11111
chr22	51220848	11011	11111
chr22	21718264	11001	11111
chr22	25002815	11001	11111
chr22	51123920	11001	11111
chr22	20449216	10010	11111
chr22	21588911	10010	10010
chr22	38626051	10010	10010
chr22	21071059	00110	01111
chr22	26433361	00110	01111
chr22	31103251	00110	01111
chr22	35196512	00110	01111
chr22	18857990	00110	00110
chr22	16113372	01011	01111
chr22	16507651	01011	01111
chr22	16661840	01011	01111
chr22	17189155	01011	01111
chr22	17554737	01011	01111
chr22	18548244	01011	01111
chr22	20449100	01011	01111
chr22	21066930	01011	01111
chr22	21106794	01011	01111
chr22	22822510	01011	01111
chr22	22878420	01011	01111
chr22	23221051	01011	01111
chr22	23360296	01011	01111
chr22	24418689	01011	01111
chr22	25065795	01011	01111
chr22	25072454	01011	01111
chr22	27120360	01011	01111
chr22	27134816	01011	01111
chr22	27718870	01011	01111
chr22	29474231	01011	01111
chr22	29500808	01011	01111
chr22	30857002	01011	01111
chr22	31685349	01011	01111
chr22	32405537	01011	01111
chr22	35130625	01011	01111
chr22	36100479	01011	01111
chr22	36629609	01011	01111
chr22	37486436	01011	01111
chr22	37991539	01011	01111
chr22	39904200	01011	01111
chr22	41989561	01011	01111
chr22	42782593	01011	01111
chr22	43714674	01011	01111
chr22	45024575	01011	01111
chr22	46463175	01011	01111
chr22	46465151	01011	01111
chr22	47092712	01011	01111
chr22	48055544	01011	01111
chr22	48194895	01011	01111
chr22	50253683	01011	01111
chr22	50493214	01011	01111
chr22	16251281	11110	11111
chr22	16302945	11110	11111
chr22	16365117	11110	11111
chr22	17373889	11110	11111
chr22	18831620	11110	11111
chr22	20346278	11110	11111
chr22	20390063	11110	11111
chr22	20640732	11110	11111
chr22	21586643	11110	11111
chr22	21680702	11110	11111
chr22	21718250	11110	11111
chr22	21718261	11110	11111
chr22	23731259	11110	11111
chr22	24692619	11110	11111
chr22	25663036	11110	11111
chr22	25697952	11110	11111
chr22	27552544	11110	11111
chr22	35218200	11110	11111
chr22	47255448	11110	11111
chr22	16413575	11110	11110
chr22	18823741	11110	11110
chr22	20502333	11110	11110
chr22	22980270	11110	11110
chr22	49781829	01010	01010
chr22	16078974	10110	11111
chr22	16394113	10110	11111
chr22	45724132	10110	11111
chr22	20438352	11000	11111
chr22	32846134	11000	11111
chr22	16184743	01101	01111
chr22	16354754	01101	01111
chr22	16695096	01101	01111
chr22	16952978	01101	01111
chr22	17090610	01101	01111
chr22	18791458	01101	01111
chr22	18842872	01101	01111
chr22	19261589	01101	01111
chr22	22542066	01101	01111
chr22	25838492	01101	01111
chr22	27518381	01101	01111
chr22	28953234	01101	01111
chr22	29498949	01101	01111
chr22	29896757	01101	01111
chr22	29917973	01101	01111
chr22	30269482	01101	01111
chr22	31473605	01101	01111
chr22	31726741	01101	01111
chr22	32141282	01101	01111
chr22	34407696	01101	01111
chr22	35042673	01101	01111
chr22	35480977	01101	01111
chr22	36016952	01101	01111
chr22	36476324	01101	01111
chr22	37252744	01101	01111
chr22	37515375	01101	01111
chr22	37525381	01101	01111
chr22	39894324	01101	01111
chr22	40216237	01101	01111
chr22	40734555	01101	01111
chr22	42656662	01101	01111
chr22	42950291	01101	01111
chr22	44387781	01101	01111
chr22	44770034	01101	01111
chr22	45363552	01101	01111
chr22	46449375	01101	01111
chr22	47184120	01101	01111
chr22	47205495	01101	01111
chr22	47721283	01101	01111
chr22	47935047	01101	01111
chr22	48570029	01101	01111
chr22	48755475	01101	01111
chr22	50234217	01101	01111
chr22	16406130	01101	01101
chr22	16223418	10111	11111
chr22	16365289	10111	11111
chr22	16647946	10111	11111
chr22	18655607	10111	11111
chr22	18725820	10111	11111
chr22	20320229	10111	11111
chr22	20320242	10111	11111
chr22	20626695	10111	11111
chr22	21049094	10111	11111
chr22	21505702	10111	11111
chr22	21584355	10111	11111
chr22	23653189	10111	11111
chr22	24651330	10111	11111
chr22	42905055	10111	11111
chr22	42911257	10111	11111
chr22	45280557	10111	11111
chr22	49122311	10111	11111
chr22	50585962	10111	11111
chr22	16364923	10111	10111
chr22	16533761	10111	10111
chr22	20322773	10111	10111
chr22	43202339	10111	10111
chr22	50066469	10111	10111
chr22	16655722	00111	01111
chr22	17031265	00111	01111
chr22	17054114	00111	01111
chr22	17372156	00111	01111
chr22	17374102	00111	01111
chr22	18812435	00111	01111
chr22	18844942	00111	01111
chr22	19425330	00111	01111
chr22	21050039	00111	01111
chr22	21204838	00111	01111
chr22	21857103	00111	01111
chr22	22514968	00111	01111
chr22	25336700	00111	01111
chr22	28590348	00111	01111
chr22	28707995	00111	01111
chr22	28973189	00111	01111
chr22	32447285	00111	01111
chr22	33308647	00111	01111
chr22	35348362	00111	01111
chr22	35587778	00111	01111
chr22	35703808	00111	01111
chr22	37876109	00111	01111
chr22	38409239	00111	01111
chr22	38979946	00111	01111
chr22	40329844	00111	01111
chr22	40646014	00111	01111
chr22	41360069	00111	01111
chr22	41362559	00111	01111
chr22	44509392	00111	01111
chr22	44699940	00111	01111
chr22	46408656	00111	01111
chr22	47583724	00111	01111
chr22	47806028	00111	01111
chr22	48648081	00111	01111
chr22	50128163	00111	01111
chr22	50219711	00111	01111
chr22	50449954	00111	01111
chr22	50515894	00111	01111
chr22	21525800	00111	00111
chr22	21625196	00111	00111
chr22	25336704	00111	00111
chr22	18351873	01001	01111
chr22	21548497	01001	01111
chr22	26775363	01001	01111
chr22	27408946	01001	01111
chr22	35253657	01001	01111
chr22	40239659	01001	01111
chr22	42343743	01001	01111
chr22	43247090	01001	01111
chr22	49233160	01001	01001
chr22	16340551	10011	11111
chr22	21718239	10011	11111
chr22	35563729	10011	11111
chr22	43030870	10011	11111
chr22	45724050	10011	10011
chr22	47256013	10011	10011
chr22	49132199	10101	11111
chr22	16345549	01110	01111
chr22	16352240	01110	01111
chr22	16384639	01110	01111
chr22	17050777	01110	01111
chr22	17869051	01110	01111
chr22	18057377	01110	01111
chr22	18841052	01110	01111
chr22	20894025	01110	01111
chr22	21413655	01110	01111
chr22	21494149	01110	01111
chr22	21605249	01110	01111
chr22	21629029	01110	01111
chr22	22025821	01110	01111
chr22	23344632	01110	01111
chr22	23860547	01110	01111
chr22	24458607	01110	01111
chr22	24644899	01110	01111
chr22	25291608	01110	01111
chr22	26452771	01110	01111
chr22	27388603	01110	01111
chr22	28803365	01110	01111
chr22	30172874	01110	01111
chr22	30313418	01110	01111
chr22	30778531	01110	01111
chr22	31071479	01110	01111
chr22	32529245	01110	01111
chr22	33177192	01110	01111
chr22	33465559	01110	01111
chr22	33493873	01110	01111
chr22	33847664	01110	01111
chr22	37268676	01110	01111
chr22	41388793	01110	01111
chr22	41395187	01110	01111
chr22	42248387	01110	01111
chr22	42832943	01110	01111
chr22	43187862	01110	01111
chr22	44270731	01110	01111
chr22	44754650	01110	01111
chr22	45376704	01110	01111
chr22	46695189	01110	01111
chr22	47546306	01110	01111
chr22	47635498	01110	01111
chr22	48567767	01110	01111
chr22	49074950	01110	01111
chr22	50066435	01110	01111
chr22	50498973	01110	01111
chr22	50646076	01110	01111
chr22	50694495	01110	01111
