-----
Chromosome	Location	Original Code	New Code
-----
chr22	16345547	11100	11111
chr22	18841052	11100	11111
chr22	20491664	11100	11111
chr22	21718250	11100	11111
chr22	16346070	11100	11100
chr22	16208756	11101	11111
chr22	16208762	11101	11111
chr22	16208767	11101	11111
chr22	16220136	11101	11111
chr22	16229769	11101	11111
chr22	16387795	11101	11111
chr22	16901849	11101	11111
chr22	17036798	11101	11111
chr22	18774367	11101	11111
chr22	18791458	11101	11111
chr22	20298220	11101	11111
chr22	20320229	11101	11111
chr22	20384762	11101	11111
chr22	20706869	11101	11111
chr22	21066942	11101	11111
chr22	21600633	11101	11111
chr22	25071286	11101	11111
chr22	25071320	11101	11111
chr22	25701127	11101	11111
chr22	35076455	11101	11111
chr22	42967403	11101	11111
chr22	51211980	11101	11111
chr22	21517725	11101	11101
chr22	21624702	11101	11101
chr22	17765071	00101	00111
chr22	18644349	00101	00111
chr22	18903569	00101	00111
chr22	19072703	00101	00111
chr22	19082777	00101	00111
chr22	19486281	00101	00111
chr22	19530048	00101	00111
chr22	19546014	00101	00111
chr22	19913288	00101	00111
chr22	20163310	00101	00111
chr22	22157154	00101	00111
chr22	22498909	00101	00111
chr22	23665587	00101	00111
chr22	24001723	00101	00111
chr22	24113394	00101	00111
chr22	24512922	00101	00111
chr22	24714462	00101	00111
chr22	25711622	00101	00111
chr22	27155444	00101	00111
chr22	27448198	00101	00111
chr22	28226980	00101	00111
chr22	28293765	00101	00111
chr22	29011250	00101	00111
chr22	29753056	00101	00111
chr22	30442345	00101	00111
chr22	31411770	00101	00111
chr22	31759883	00101	00111
chr22	32814804	00101	00111
chr22	33080013	00101	00111
chr22	33138193	00101	00111
chr22	33879590	00101	00111
chr22	34152488	00101	00111
chr22	34251687	00101	00111
chr22	34436820	00101	00111
chr22	34666407	00101	00111
chr22	36247752	00101	00111
chr22	36474092	00101	00111
chr22	36606264	00101	00111
chr22	37449229	00101	00111
chr22	38260640	00101	00111
chr22	38460167	00101	00111
chr22	38967354	00101	00111
chr22	39500117	00101	00111
chr22	39516680	00101	00111
chr22	39633872	00101	00111
chr22	39857385	00101	00111
chr22	40066700	00101	00111
chr22	40329703	00101	00111
chr22	40451942	00101	00111
chr22	40887274	00101	00111
chr22	41121275	00101	00111
chr22	41145543	00101	00111
chr22	41305344	00101	00111
chr22	42025423	00101	00111
chr22	42810585	00101	00111
chr22	43324480	00101	00111
chr22	44805605	00101	00111
chr22	44844351	00101	00111
chr22	45566951	00101	00111
chr22	45832647	00101	00111
chr22	46519619	00101	00111
chr22	46621310	00101	00111
chr22	47074632	00101	00111
chr22	47210908	00101	00111
chr22	47489534	00101	00111
chr22	47702683	00101	00111
chr22	49074865	00101	00111
chr22	49201831	00101	00111
chr22	49329327	00101	00111
chr22	49343742	00101	00111
chr22	49495168	00101	00111
chr22	50858704	00101	00111
chr22	16354754	11010	11111
chr22	16384639	11010	11111
chr22	24654059	11010	11010
chr22	16113372	11011	11111
chr22	16365117	11011	11111
chr22	17005083	11011	11111
chr22	17499030	11011	11111
chr22	18725615	11011	11111
chr22	20315929	11011	11111
chr22	20449100	11011	11111
chr22	20486571	11011	11111
chr22	20626695	11011	11111
chr22	22620837	11011	11111
chr22	22979131	11011	11111
chr22	23247623	11011	11111
chr22	24010477	11011	11111
chr22	28732923	11011	11111
chr22	32734609	11011	11111
chr22	38120429	11011	11111
chr22	44510539	11011	11111
chr22	47000761	11011	11111
chr22	49006383	11011	11111
chr22	49074954	11011	11111
chr22	50467481	11011	11111
chr22	16386267	11011	11011
chr22	16288255	11001	11111
chr22	20470617	11001	11111
chr22	45724132	11001	11111
chr22	44510591	11001	11001
chr22	49074977	10010	11111
chr22	49951778	10010	11111
chr22	49793383	10010	10010
chr22	17827154	00110	00111
chr22	18297114	00110	00111
chr22	20045006	00110	00111
chr22	20072017	00110	00111
chr22	20502333	00110	00111
chr22	20855443	00110	00111
chr22	22190088	00110	00111
chr22	23284971	00110	00111
chr22	23497377	00110	00111
chr22	23651282	00110	00111
chr22	25027977	00110	00111
chr22	25207896	00110	00111
chr22	25902471	00110	00111
chr22	26040616	00110	00111
chr22	27834266	00110	00111
chr22	30972661	00110	00111
chr22	31015467	00110	00111
chr22	31337025	00110	00111
chr22	31823084	00110	00111
chr22	32142696	00110	00111
chr22	32835242	00110	00111
chr22	33635127	00110	00111
chr22	33987568	00110	00111
chr22	34593384	00110	00111
chr22	34677817	00110	00111
chr22	34973989	00110	00111
chr22	35019978	00110	00111
chr22	35155718	00110	00111
chr22	35233729	00110	00111
chr22	36926750	00110	00111
chr22	37216884	00110	00111
chr22	37345734	00110	00111
chr22	38220063	00110	00111
chr22	39536682	00110	00111
chr22	40042381	00110	00111
chr22	40780794	00110	00111
chr22	41043310	00110	00111
chr22	41841870	00110	00111
chr22	42157802	00110	00111
chr22	42181835	00110	00111
chr22	43097891	00110	00111
chr22	43263328	00110	00111
chr22	45617285	00110	00111
chr22	46120977	00110	00111
chr22	46227679	00110	00111
chr22	46388830	00110	00111
chr22	46723606	00110	00111
chr22	47867989	00110	00111
chr22	47985282	00110	00111
chr22	48065195	00110	00111
chr22	50234297	00110	00111
chr22	18752145	00110	00110
chr22	33411227	00110	00110
chr22	18721544	01011	01111
chr22	21274282	01011	01111
chr22	24952067	01011	01111
chr22	25824846	01011	01111
chr22	27899566	01011	01111
chr22	31592132	01011	01111
chr22	32854041	01011	01111
chr22	33063553	01011	01111
chr22	37492629	01011	01111
chr22	37723839	01011	01111
chr22	38712023	01011	01111
chr22	40035013	01011	01111
chr22	41080019	01011	01111
chr22	43558551	01011	01111
chr22	44039509	01011	01111
chr22	49074950	01011	01111
chr22	16984522	01100	01111
chr22	37903029	01100	01111
chr22	41425291	01100	01111
chr22	41876372	01100	01111
chr22	50801903	01100	01111
chr22	16061992	11110	11111
chr22	16346045	11110	11111
chr22	16990392	11110	11111
chr22	16990420	11110	11111
chr22	18828602	11110	11111
chr22	20298581	11110	11111
chr22	20320655	11110	11111
chr22	21480192	11110	11111
chr22	21625385	11110	11111
chr22	22621464	11110	11111
chr22	22622953	11110	11111
chr22	22980270	11110	11111
chr22	23653555	11110	11111
chr22	24652371	11110	11111
chr22	35563729	11110	11111
chr22	48648411	11110	11111
chr22	49233160	11110	11111
chr22	49249195	11110	11111
chr22	49951798	11110	11111
chr22	51118478	11110	11111
chr22	16251281	11110	11110
chr22	18572472	01010	01111
chr22	25022677	01010	01111
chr22	29484315	01010	01010
chr22	33163384	01010	01010
chr22	45724050	01010	01010
chr22	16507651	10110	11111
chr22	21548497	10110	11111
chr22	48439900	10110	11111
chr22	16655722	10110	10110
chr22	16345549	11000	11111
chr22	48875229	11000	11000
chr22	17030334	01101	01111
chr22	17375183	01101	01111
chr22	19962289	01101	01111
chr22	20718916	01101	01111
chr22	21074939	01101	01111
chr22	21718239	01101	01111
chr22	22573390	01101	01111
chr22	26422973	01101	01111
chr22	27693344	01101	01111
chr22	31819496	01101	01111
chr22	31959549	01101	01111
chr22	34589600	01101	01111
chr22	35054547	01101	01111
chr22	37359858	01101	01111
chr22	39437824	01101	01111
chr22	42947014	01101	01111
chr22	44274333	01101	01111
chr22	45236054	01101	01111
chr22	45993884	01101	01111
chr22	46471214	01101	01111
chr22	46803591	01101	01111
chr22	48553476	01101	01111
chr22	48729314	01101	01111
chr22	49124641	01101	01111
chr22	49132199	01101	01111
chr22	49887233	01101	01111
chr22	50300688	01101	01111
chr22	16078974	10111	11111
chr22	16250790	10111	11111
chr22	16340551	10111	11111
chr22	16352240	10111	11111
chr22	16517626	10111	11111
chr22	16528060	10111	11111
chr22	16649937	10111	11111
chr22	16674154	10111	11111
chr22	16909454	10111	11111
chr22	17050777	10111	11111
chr22	17650705	10111	11111
chr22	18787128	10111	11111
chr22	18831620	10111	11111
chr22	18832024	10111	11111
chr22	18836501	10111	11111
chr22	18836515	10111	11111
chr22	20490201	10111	11111
chr22	21572364	10111	11111
chr22	21635607	10111	11111
chr22	23680589	10111	11111
chr22	24009879	10111	11111
chr22	25065777	10111	11111
chr22	25065795	10111	11111
chr22	36131220	10111	11111
chr22	44509392	10111	11111
chr22	48648081	10111	11111
chr22	51230503	10111	11111
chr22	16077252	10111	10111
chr22	18823722	10111	10111
chr22	21505702	10111	10111
chr22	21683529	01001	01111
chr22	34064751	01001	01111
chr22	38823779	01001	01111
chr22	40905479	01001	01111
chr22	48128434	01001	01111
chr22	21494149	10011	11111
chr22	21626227	10011	11111
chr22	24009862	10011	11111
chr22	47000776	10011	11111
chr22	21038134	10101	11111
chr22	21063672	10101	11111
chr22	21515683	10101	11111
chr22	21718264	10101	11111
chr22	47000916	10101	11111
chr22	16394113	10101	10101
chr22	18802480	10101	10101
chr22	18823741	10101	10101
chr22	16302297	01110	01111
chr22	16695096	01110	01111
chr22	18752106	01110	01111
chr22	21130440	01110	01111
chr22	21381552	01110	01111
chr22	22970974	01110	01111
chr22	23657955	01110	01111
chr22	26283074	01110	01111
chr22	33316916	01110	01111
chr22	33672242	01110	01111
chr22	34361299	01110	01111
chr22	35384239	01110	01111
chr22	42355266	01110	01111
chr22	42560274	01110	01111
chr22	43122875	01110	01111
chr22	43246301	01110	01111
chr22	43289163	01110	01111
chr22	43579841	01110	01111
chr22	43590752	01110	01111
chr22	44649720	01110	01111
chr22	45065620	01110	01111
chr22	45198581	01110	01111
chr22	48293030	01110	01111
chr22	25336642	01110	01110
