-----
Chromosome	Location	Original Code	New Code
-----
chr22	16078974	11100	11111
chr22	25070472	11100	11111
chr22	45280557	11100	11111
chr22	16061992	11101	11111
chr22	16096159	11101	11111
chr22	16411227	11101	11111
chr22	18823741	11101	11111
chr22	18824977	11101	11111
chr22	18929913	11101	11111
chr22	18941579	11101	11111
chr22	19947341	11101	11111
chr22	20320655	11101	11111
chr22	20329415	11101	11111
chr22	20609663	11101	11111
chr22	21683529	11101	11111
chr22	37496460	11101	11111
chr22	37784510	11101	11111
chr22	39386819	11101	11111
chr22	46378906	11101	11111
chr22	47000761	11101	11111
chr22	47000776	11101	11111
chr22	47255448	11101	11111
chr22	49016546	11101	11111
chr22	49074933	11101	11111
chr22	20394502	11101	11101
chr22	20490194	11101	11101
chr22	25050197	00101	00111
chr22	28120485	00101	00111
chr22	32578014	00101	00111
chr22	33910830	00101	00111
chr22	43279996	00101	00111
chr22	43605531	00101	00111
chr22	49074950	00101	00111
chr22	49074954	00101	00111
chr22	49162388	00101	00111
chr22	25336700	00101	00101
chr22	25336704	00101	00101
chr22	16208756	11010	11111
chr22	16208762	11010	11111
chr22	16208767	11010	11111
chr22	21517491	11010	11111
chr22	21548497	11010	11111
chr22	21718239	11010	11111
chr22	16345547	11011	11111
chr22	16354754	11011	11111
chr22	16384689	11011	11111
chr22	16661659	11011	11111
chr22	16973059	11011	11111
chr22	16973063	11011	11111
chr22	17031581	11011	11111
chr22	18349379	11011	11111
chr22	18752106	11011	11111
chr22	18752145	11011	11111
chr22	18774367	11011	11111
chr22	20320229	11011	11111
chr22	20640732	11011	11111
chr22	21639323	11011	11111
chr22	21687283	11011	11111
chr22	24659348	11011	11111
chr22	25022677	11011	11111
chr22	25071320	11011	11111
chr22	35887894	11011	11111
chr22	42897553	11011	11111
chr22	49258245	11011	11111
chr22	16078893	11011	11011
chr22	16571243	11011	11011
chr22	16579906	11011	11011
chr22	21480192	11011	11011
chr22	49662220	11011	11011
chr22	33317117	00011	00111
chr22	36413633	00011	00111
chr22	38148838	00011	00111
chr22	38989180	00011	00111
chr22	43900746	00011	00011
chr22	16655722	11001	11111
chr22	16902551	11001	11111
chr22	18791458	11001	11111
chr22	21625196	11001	11111
chr22	43030870	11001	11111
chr22	48648081	11001	11111
chr22	16096026	11001	11001
chr22	16661856	11001	11001
chr22	21665168	11001	11001
chr22	50467610	11001	11001
chr22	18572480	10010	11111
chr22	20491664	10010	11111
chr22	45280551	10010	11111
chr22	49132199	10010	11111
chr22	19947361	10010	10010
chr22	17575608	00110	00111
chr22	22981754	00110	00111
chr22	25913027	00110	00111
chr22	26315012	00110	00111
chr22	28916873	00110	00111
chr22	31861854	00110	00111
chr22	34260473	00110	00111
chr22	34897655	00110	00111
chr22	47402075	00110	00111
chr22	49662206	00110	00110
chr22	49662208	00110	00110
chr22	49793383	00110	00110
chr22	16345549	01011	01111
chr22	16424332	01011	01111
chr22	16528547	01011	01111
chr22	16551776	01011	01111
chr22	17022429	01011	01111
chr22	17465781	01011	01111
chr22	18187397	01011	01111
chr22	18336502	01011	01111
chr22	18732370	01011	01111
chr22	18841705	01011	01111
chr22	19052855	01011	01111
chr22	19176541	01011	01111
chr22	19206122	01011	01111
chr22	19701385	01011	01111
chr22	20296951	01011	01111
chr22	20328070	01011	01111
chr22	22106895	01011	01111
chr22	22930862	01011	01111
chr22	23246897	01011	01111
chr22	23331047	01011	01111
chr22	24336159	01011	01111
chr22	24405807	01011	01111
chr22	24469408	01011	01111
chr22	24641665	01011	01111
chr22	24786405	01011	01111
chr22	24792377	01011	01111
chr22	24938552	01011	01111
chr22	25165068	01011	01111
chr22	25364213	01011	01111
chr22	25517123	01011	01111
chr22	25658857	01011	01111
chr22	25688172	01011	01111
chr22	26543969	01011	01111
chr22	26718947	01011	01111
chr22	27619570	01011	01111
chr22	27956234	01011	01111
chr22	28161284	01011	01111
chr22	29608570	01011	01111
chr22	29853865	01011	01111
chr22	30324998	01011	01111
chr22	30428204	01011	01111
chr22	30693379	01011	01111
chr22	31420281	01011	01111
chr22	31464179	01011	01111
chr22	33243199	01011	01111
chr22	34600093	01011	01111
chr22	35232721	01011	01111
chr22	35817295	01011	01111
chr22	36343373	01011	01111
chr22	36418805	01011	01111
chr22	36708221	01011	01111
chr22	37292440	01011	01111
chr22	37547917	01011	01111
chr22	37635077	01011	01111
chr22	37664141	01011	01111
chr22	37880344	01011	01111
chr22	40369043	01011	01111
chr22	41431347	01011	01111
chr22	42373650	01011	01111
chr22	42439875	01011	01111
chr22	43181366	01011	01111
chr22	43410021	01011	01111
chr22	44157579	01011	01111
chr22	45906372	01011	01111
chr22	47023786	01011	01111
chr22	47195306	01011	01111
chr22	47778080	01011	01111
chr22	48171917	01011	01111
chr22	48679495	01011	01111
chr22	50219298	01011	01111
chr22	50222951	01011	01111
chr22	20771751	01100	01111
chr22	21465800	01100	01111
chr22	21798773	01100	01111
chr22	25650345	01100	01111
chr22	29603903	01100	01111
chr22	35658447	01100	01111
chr22	39967038	01100	01111
chr22	47203699	01100	01111
chr22	47984195	01100	01111
chr22	48740139	01100	01111
chr22	49462785	01100	01111
chr22	16251281	11110	11111
chr22	16288255	11110	11111
chr22	16347165	11110	11111
chr22	16347827	11110	11111
chr22	16365117	11110	11111
chr22	16649937	11110	11111
chr22	17028148	11110	11111
chr22	18652023	11110	11111
chr22	18787128	11110	11111
chr22	20706869	11110	11111
chr22	21050319	11110	11111
chr22	21050335	11110	11111
chr22	21632958	11110	11111
chr22	21662663	11110	11111
chr22	24323878	11110	11111
chr22	25697952	11110	11111
chr22	48981270	11110	11111
chr22	49006383	11110	11111
chr22	51118478	11110	11111
chr22	16291904	11110	11110
chr22	16406130	11110	11110
chr22	16476596	11110	11110
chr22	18652003	11110	11110
chr22	21720452	11110	11110
chr22	24655886	11110	11110
chr22	34955296	11110	11110
chr22	49016543	11110	11110
chr22	49016549	11110	11110
chr22	49016550	11110	11110
chr22	17233400	01010	01111
chr22	31138653	01010	01111
chr22	43102453	01010	01111
chr22	47000916	01010	01111
chr22	18835298	01010	01010
chr22	40253476	01010	01010
chr22	16695096	10110	11111
chr22	21515683	10110	11111
chr22	50585962	10110	10110
chr22	16507651	11000	11111
chr22	16104668	01101	01111
chr22	16980530	01101	01111
chr22	17286426	01101	01111
chr22	17750309	01101	01111
chr22	18129766	01101	01111
chr22	18223821	01101	01111
chr22	18524407	01101	01111
chr22	18626175	01101	01111
chr22	18844942	01101	01111
chr22	19924774	01101	01111
chr22	20092784	01101	01111
chr22	20800231	01101	01111
chr22	21376513	01101	01111
chr22	22260972	01101	01111
chr22	22515446	01101	01111
chr22	24045715	01101	01111
chr22	24059365	01101	01111
chr22	24641413	01101	01111
chr22	25055412	01101	01111
chr22	25666000	01101	01111
chr22	26354786	01101	01111
chr22	26864009	01101	01111
chr22	27764386	01101	01111
chr22	28227373	01101	01111
chr22	28370432	01101	01111
chr22	29419970	01101	01111
chr22	29602622	01101	01111
chr22	30140318	01101	01111
chr22	31247788	01101	01111
chr22	31569657	01101	01111
chr22	31840066	01101	01111
chr22	31920611	01101	01111
chr22	32010133	01101	01111
chr22	32340232	01101	01111
chr22	33242659	01101	01111
chr22	33505346	01101	01111
chr22	33691566	01101	01111
chr22	34667465	01101	01111
chr22	35898603	01101	01111
chr22	36118236	01101	01111
chr22	36242881	01101	01111
chr22	36673171	01101	01111
chr22	37207969	01101	01111
chr22	37631584	01101	01111
chr22	38690763	01101	01111
chr22	38973690	01101	01111
chr22	39422166	01101	01111
chr22	39606544	01101	01111
chr22	39697131	01101	01111
chr22	40764474	01101	01111
chr22	41533793	01101	01111
chr22	41623911	01101	01111
chr22	42530085	01101	01111
chr22	42989028	01101	01111
chr22	43814700	01101	01111
chr22	43827427	01101	01111
chr22	43955190	01101	01111
chr22	44134368	01101	01111
chr22	44798114	01101	01111
chr22	45489296	01101	01111
chr22	45751448	01101	01111
chr22	46834466	01101	01111
chr22	47059020	01101	01111
chr22	47105220	01101	01111
chr22	47225393	01101	01111
chr22	47442045	01101	01111
chr22	48638255	01101	01111
chr22	49040182	01101	01111
chr22	49476178	01101	01111
chr22	49908783	01101	01111
chr22	51117314	01101	01111
chr22	16081329	10111	11111
chr22	16166974	10111	11111
chr22	16216924	10111	11111
chr22	16236958	10111	11111
chr22	16347639	10111	11111
chr22	16463039	10111	11111
chr22	16898206	10111	11111
chr22	17031962	10111	11111
chr22	17373956	10111	11111
chr22	18843741	10111	11111
chr22	21625385	10111	11111
chr22	22309730	10111	11111
chr22	22979131	10111	11111
chr22	23669869	10111	11111
chr22	23669878	10111	11111
chr22	24009862	10111	11111
chr22	24651963	10111	11111
chr22	42953104	10111	11111
chr22	50467481	10111	11111
chr22	51208255	10111	11111
chr22	16077252	10111	10111
chr22	20320731	10111	10111
chr22	17246648	01001	01111
chr22	19590410	01001	01111
chr22	19947359	01001	01111
chr22	21066942	01001	01111
chr22	24317867	01001	01111
chr22	33987519	01001	01111
chr22	34354507	01001	01111
chr22	36449604	01001	01111
chr22	48949377	01001	01111
chr22	16099957	01001	01001
chr22	49122409	01001	01001
chr22	16210642	10011	11111
chr22	17031584	10011	11111
chr22	20470617	10011	11111
chr22	20486571	10011	11111
chr22	22970974	10011	11111
chr22	20627265	10011	10011
chr22	17373889	10100	10100
chr22	16302297	10101	11111
chr22	16320235	10101	11111
chr22	42563529	10101	11111
chr22	16661840	10101	10101
chr22	16097801	01110	01111
chr22	16156677	01110	01111
chr22	16565733	01110	01111
chr22	16611708	01110	01111
chr22	17306440	01110	01111
chr22	17855976	01110	01111
chr22	17951293	01110	01111
chr22	18086668	01110	01111
chr22	18550201	01110	01111
chr22	19452476	01110	01111
chr22	21156417	01110	01111
chr22	21570790	01110	01111
chr22	21982426	01110	01111
chr22	22139793	01110	01111
chr22	22373086	01110	01111
chr22	23222436	01110	01111
chr22	23383698	01110	01111
chr22	24200183	01110	01111
chr22	24838566	01110	01111
chr22	25016121	01110	01111
chr22	25363394	01110	01111
chr22	26578541	01110	01111
chr22	28449723	01110	01111
chr22	30447282	01110	01111
chr22	30940083	01110	01111
chr22	31393429	01110	01111
chr22	31515986	01110	01111
chr22	33124808	01110	01111
chr22	33942903	01110	01111
chr22	35189365	01110	01111
chr22	35421449	01110	01111
chr22	35624100	01110	01111
chr22	35678211	01110	01111
chr22	38158751	01110	01111
chr22	38562134	01110	01111
chr22	39301255	01110	01111
chr22	39558292	01110	01111
chr22	39830367	01110	01111
chr22	40377707	01110	01111
chr22	40983451	01110	01111
chr22	41087344	01110	01111
chr22	41945679	01110	01111
chr22	42238801	01110	01111
chr22	43256740	01110	01111
chr22	43859030	01110	01111
chr22	43974907	01110	01111
chr22	44039831	01110	01111
chr22	44811573	01110	01111
chr22	45894911	01110	01111
chr22	46748363	01110	01111
chr22	47097415	01110	01111
chr22	47171629	01110	01111
chr22	47234178	01110	01111
chr22	47340676	01110	01111
chr22	47881930	01110	01111
chr22	47886116	01110	01111
chr22	48541372	01110	01111
chr22	48626426	01110	01111
chr22	48789818	01110	01111
chr22	50481846	01110	01111
chr22	36131201	01110	01110
