-----
Chromosome	Location	Original Code	New Code
-----
chr22	16406130	11100	11111
chr22	21066942	11100	11111
chr22	49662220	11100	11100
chr22	16251281	11101	11111
chr22	16409275	11101	11111
chr22	16898726	11101	11111
chr22	17031447	11101	11111
chr22	17373889	11101	11111
chr22	20322149	11101	11111
chr22	20718029	11101	11111
chr22	22621322	11101	11111
chr22	23680589	11101	11111
chr22	25002815	11101	11111
chr22	35888210	11101	11111
chr22	38790131	11101	11111
chr22	48648081	11101	11111
chr22	51227891	11101	11111
chr22	21483320	11101	11101
chr22	34955296	11101	11101
chr22	50066469	11101	11101
chr22	17321952	00101	01111
chr22	21047123	00101	01111
chr22	23687180	00101	01111
chr22	24089226	00101	01111
chr22	24708157	00101	01111
chr22	26364341	00101	01111
chr22	31397941	00101	01111
chr22	33379321	00101	01111
chr22	37059082	00101	01111
chr22	37603264	00101	01111
chr22	38509098	00101	01111
chr22	40408131	00101	01111
chr22	45150253	00101	00101
chr22	16078974	10001	11111
chr22	21718239	10001	11111
chr22	47256013	10001	10001
chr22	16384639	11010	11111
chr22	45280551	11010	11111
chr22	23247665	11010	11010
chr22	16104668	11011	11111
chr22	16236958	11011	11111
chr22	16345547	11011	11111
chr22	16364901	11011	11111
chr22	16649937	11011	11111
chr22	16956445	11011	11111
chr22	16973059	11011	11111
chr22	16973063	11011	11111
chr22	16984522	11011	11111
chr22	18835298	11011	11111
chr22	18840863	11011	11111
chr22	20486571	11011	11111
chr22	20706869	11011	11111
chr22	21586643	11011	11111
chr22	21600633	11011	11111
chr22	21635607	11011	11111
chr22	24655282	11011	11111
chr22	25071320	11011	11111
chr22	34493709	11011	11111
chr22	36131220	11011	11111
chr22	39386819	11011	11111
chr22	44220291	11011	11111
chr22	44509903	11011	11111
chr22	49951798	11011	11111
chr22	51230503	11011	11111
chr22	16528060	11011	11011
chr22	41691190	11011	11011
chr22	16099957	11001	11111
chr22	16106567	11001	11111
chr22	16546581	11001	11111
chr22	20449216	11001	11111
chr22	25070472	11001	11111
chr22	25336700	11001	11001
chr22	25336704	11001	11001
chr22	16662102	10010	10010
chr22	19688482	10010	10010
chr22	49132199	10010	10010
chr22	16482424	00110	01111
chr22	17721742	00110	01111
chr22	19399009	00110	01111
chr22	20442133	00110	01111
chr22	21549028	00110	01111
chr22	21718120	00110	01111
chr22	21718250	00110	01111
chr22	21718261	00110	01111
chr22	30671345	00110	01111
chr22	31859058	00110	01111
chr22	34096889	00110	01111
chr22	34816285	00110	01111
chr22	43714700	00110	01111
chr22	47027879	00110	01111
chr22	48435440	00110	01111
chr22	48700092	00110	01111
chr22	50026099	00110	01111
chr22	16336802	01011	01111
chr22	16365289	01011	01111
chr22	17073339	01011	01111
chr22	17210832	01011	01111
chr22	17819823	01011	01111
chr22	17907919	01011	01111
chr22	18023880	01011	01111
chr22	18729934	01011	01111
chr22	19182710	01011	01111
chr22	19558994	01011	01111
chr22	19931087	01011	01111
chr22	20298220	01011	01111
chr22	20454708	01011	01111
chr22	20882726	01011	01111
chr22	21548497	01011	01111
chr22	22457603	01011	01111
chr22	23090128	01011	01111
chr22	23543046	01011	01111
chr22	24050055	01011	01111
chr22	24066821	01011	01111
chr22	24735759	01011	01111
chr22	24846425	01011	01111
chr22	25210589	01011	01111
chr22	25875802	01011	01111
chr22	26128597	01011	01111
chr22	26383589	01011	01111
chr22	26960247	01011	01111
chr22	27327750	01011	01111
chr22	27741790	01011	01111
chr22	27790027	01011	01111
chr22	28104650	01011	01111
chr22	28576002	01011	01111
chr22	28702920	01011	01111
chr22	28776341	01011	01111
chr22	29323101	01011	01111
chr22	30514244	01011	01111
chr22	31076514	01011	01111
chr22	31417403	01011	01111
chr22	31682770	01011	01111
chr22	32598884	01011	01111
chr22	33995091	01011	01111
chr22	35789135	01011	01111
chr22	36299946	01011	01111
chr22	38629924	01011	01111
chr22	39368157	01011	01111
chr22	39931596	01011	01111
chr22	40227521	01011	01111
chr22	40391455	01011	01111
chr22	40769284	01011	01111
chr22	40801947	01011	01111
chr22	41434822	01011	01111
chr22	42274801	01011	01111
chr22	42996516	01011	01111
chr22	43055087	01011	01111
chr22	43376774	01011	01111
chr22	43406551	01011	01111
chr22	43466917	01011	01111
chr22	44271196	01011	01111
chr22	44367940	01011	01111
chr22	44788158	01011	01111
chr22	45324320	01011	01111
chr22	46943452	01011	01111
chr22	47018594	01011	01111
chr22	48535586	01011	01111
chr22	49281098	01011	01111
chr22	49518659	01011	01111
chr22	49638763	01011	01111
chr22	49724493	01011	01111
chr22	49854171	01011	01111
chr22	36807451	01011	01011
chr22	16065774	11110	11111
chr22	16296696	11110	11111
chr22	16365117	11110	11111
chr22	16647946	11110	11111
chr22	16661856	11110	11111
chr22	17145814	11110	11111
chr22	18655607	11110	11111
chr22	18775018	11110	11111
chr22	21044663	11110	11111
chr22	21479770	11110	11111
chr22	25642251	11110	11111
chr22	34950070	11110	11111
chr22	38183470	11110	11111
chr22	38787703	11110	11111
chr22	42905055	11110	11111
chr22	45140591	11110	11111
chr22	49780974	11110	11111
chr22	50066435	11110	11111
chr22	17373956	11110	11110
chr22	17136918	01010	01111
chr22	17695882	01010	01111
chr22	18055646	01010	01111
chr22	19985129	01010	01111
chr22	22182766	01010	01111
chr22	24232480	01010	01111
chr22	25637311	01010	01111
chr22	30459428	01010	01111
chr22	35128643	01010	01111
chr22	36820072	01010	01111
chr22	37844302	01010	01111
chr22	39792250	01010	01111
chr22	43290050	01010	01111
chr22	43704469	01010	01111
chr22	49631170	01010	01111
chr22	16103935	10110	11111
chr22	21625385	10110	11111
chr22	16338055	10110	10110
chr22	21757334	10110	10110
chr22	21066930	11000	11111
chr22	21683529	11000	11111
chr22	48875205	11000	11111
chr22	48875229	11000	11111
chr22	48875260	11000	11111
chr22	18572472	11000	11000
chr22	16083573	01101	01111
chr22	16348112	01101	01111
chr22	16632537	01101	01111
chr22	17141002	01101	01111
chr22	17297138	01101	01111
chr22	17385411	01101	01111
chr22	17707332	01101	01111
chr22	18021687	01101	01111
chr22	18327074	01101	01111
chr22	18588892	01101	01111
chr22	18729975	01101	01111
chr22	18798951	01101	01111
chr22	18805864	01101	01111
chr22	18887927	01101	01111
chr22	18942945	01101	01111
chr22	19334134	01101	01111
chr22	19559026	01101	01111
chr22	19930936	01101	01111
chr22	19985040	01101	01111
chr22	20122908	01101	01111
chr22	20454805	01101	01111
chr22	20468454	01101	01111
chr22	22048268	01101	01111
chr22	22607900	01101	01111
chr22	22770601	01101	01111
chr22	23490022	01101	01111
chr22	23782369	01101	01111
chr22	24463757	01101	01111
chr22	25621244	01101	01111
chr22	26292033	01101	01111
chr22	26725909	01101	01111
chr22	26729029	01101	01111
chr22	26747605	01101	01111
chr22	26842948	01101	01111
chr22	26988533	01101	01111
chr22	27330664	01101	01111
chr22	27479625	01101	01111
chr22	27745079	01101	01111
chr22	27846783	01101	01111
chr22	28254475	01101	01111
chr22	28345548	01101	01111
chr22	28360800	01101	01111
chr22	28363739	01101	01111
chr22	28471442	01101	01111
chr22	28574443	01101	01111
chr22	29229423	01101	01111
chr22	29309564	01101	01111
chr22	29560707	01101	01111
chr22	29651164	01101	01111
chr22	29654786	01101	01111
chr22	30019527	01101	01111
chr22	30088366	01101	01111
chr22	30423951	01101	01111
chr22	30498369	01101	01111
chr22	30575675	01101	01111
chr22	30906951	01101	01111
chr22	31145285	01101	01111
chr22	31260115	01101	01111
chr22	31375098	01101	01111
chr22	31725537	01101	01111
chr22	32176513	01101	01111
chr22	33027526	01101	01111
chr22	33354144	01101	01111
chr22	33386171	01101	01111
chr22	33922572	01101	01111
chr22	33952943	01101	01111
chr22	34157770	01101	01111
chr22	34264311	01101	01111
chr22	34520948	01101	01111
chr22	34772135	01101	01111
chr22	35513921	01101	01111
chr22	35721415	01101	01111
chr22	35780937	01101	01111
chr22	36151696	01101	01111
chr22	36230411	01101	01111
chr22	37157839	01101	01111
chr22	37759145	01101	01111
chr22	37870846	01101	01111
chr22	39180588	01101	01111
chr22	39898293	01101	01111
chr22	40415568	01101	01111
chr22	41047342	01101	01111
chr22	41192753	01101	01111
chr22	41843264	01101	01111
chr22	42008668	01101	01111
chr22	42338787	01101	01111
chr22	42366839	01101	01111
chr22	42386150	01101	01111
chr22	42599066	01101	01111
chr22	42929906	01101	01111
chr22	43301146	01101	01111
chr22	44037082	01101	01111
chr22	45014402	01101	01111
chr22	45316187	01101	01111
chr22	45478153	01101	01111
chr22	45837322	01101	01111
chr22	45883580	01101	01111
chr22	45884482	01101	01111
chr22	47121032	01101	01111
chr22	47330795	01101	01111
chr22	47672499	01101	01111
chr22	47911893	01101	01111
chr22	47962789	01101	01111
chr22	48320128	01101	01111
chr22	48475540	01101	01111
chr22	48596557	01101	01111
chr22	48987597	01101	01111
chr22	49074954	01101	01111
chr22	49193106	01101	01111
chr22	49351742	01101	01111
chr22	49540950	01101	01111
chr22	49732269	01101	01111
chr22	50481832	01101	01111
chr22	20502205	01101	01101
chr22	21470346	01101	01101
chr22	16208762	10111	11111
chr22	16208767	10111	11111
chr22	16346070	10111	11111
chr22	16507651	10111	11111
chr22	18789625	10111	11111
chr22	18802480	10111	11111
chr22	18841052	10111	11111
chr22	19947341	10111	11111
chr22	19947346	10111	11111
chr22	19947347	10111	11111
chr22	20320229	10111	11111
chr22	20501608	10111	11111
chr22	21515683	10111	11111
chr22	21570790	10111	11111
chr22	21720452	10111	11111
chr22	24651963	10111	11111
chr22	24652371	10111	11111
chr22	26002137	10111	11111
chr22	37496460	10111	11111
chr22	42537280	10111	11111
chr22	42914974	10111	11111
chr22	42963187	10111	11111
chr22	44510539	10111	11111
chr22	47255448	10111	11111
chr22	47986036	10111	11111
chr22	47986079	10111	11111
chr22	47986091	10111	11111
chr22	47999083	10111	11111
chr22	48648411	10111	11111
chr22	50196281	10111	11111
chr22	16177740	10111	10111
chr22	20472967	10111	10111
chr22	20502333	10111	10111
chr22	21665168	10111	10111
chr22	16247512	00111	01111
chr22	16661659	00111	01111
chr22	16889429	00111	01111
chr22	16889448	00111	01111
chr22	17502349	00111	01111
chr22	18021680	00111	01111
chr22	19099065	00111	01111
chr22	20107324	00111	01111
chr22	20354187	00111	01111
chr22	20491664	00111	01111
chr22	21070365	00111	01111
chr22	21750311	00111	01111
chr22	22134345	00111	01111
chr22	22265000	00111	01111
chr22	22620837	00111	01111
chr22	23569888	00111	01111
chr22	23840867	00111	01111
chr22	24086137	00111	01111
chr22	24375957	00111	01111
chr22	24552058	00111	01111
chr22	24625433	00111	01111
chr22	25113096	00111	01111
chr22	25319116	00111	01111
chr22	25563308	00111	01111
chr22	26462426	00111	01111
chr22	26880593	00111	01111
chr22	26985588	00111	01111
chr22	26986345	00111	01111
chr22	28821349	00111	01111
chr22	29156837	00111	01111
chr22	29306637	00111	01111
chr22	29331778	00111	01111
chr22	29586906	00111	01111
chr22	30188234	00111	01111
chr22	30305613	00111	01111
chr22	30415571	00111	01111
chr22	30418453	00111	01111
chr22	30602851	00111	01111
chr22	30642100	00111	01111
chr22	31151725	00111	01111
chr22	31420152	00111	01111
chr22	31680048	00111	01111
chr22	32605810	00111	01111
chr22	33622630	00111	01111
chr22	33676756	00111	01111
chr22	33987977	00111	01111
chr22	34150649	00111	01111
chr22	34601794	00111	01111
chr22	34949780	00111	01111
chr22	34992104	00111	01111
chr22	35198800	00111	01111
chr22	35634521	00111	01111
chr22	35682857	00111	01111
chr22	36957664	00111	01111
chr22	37166020	00111	01111
chr22	37573247	00111	01111
chr22	38134670	00111	01111
chr22	38828987	00111	01111
chr22	39338116	00111	01111
chr22	39471842	00111	01111
chr22	39488671	00111	01111
chr22	39503003	00111	01111
chr22	39973600	00111	01111
chr22	41054489	00111	01111
chr22	41055481	00111	01111
chr22	41188771	00111	01111
chr22	41253945	00111	01111
chr22	42530771	00111	01111
chr22	42708540	00111	01111
chr22	42967543	00111	01111
chr22	42981223	00111	01111
chr22	43174934	00111	01111
chr22	43298247	00111	01111
chr22	43968441	00111	01111
chr22	44504713	00111	01111
chr22	44718364	00111	01111
chr22	44884842	00111	01111
chr22	45876012	00111	01111
chr22	46850608	00111	01111
chr22	47112537	00111	01111
chr22	47611283	00111	01111
chr22	48691595	00111	01111
chr22	49249195	00111	01111
chr22	49470343	00111	01111
chr22	49488401	00111	01111
chr22	49693858	00111	01111
chr22	49704580	00111	01111
chr22	49883677	00111	01111
chr22	49926223	00111	01111
chr22	49941391	00111	01111
chr22	49994828	00111	01111
chr22	50818410	00111	01111
chr22	20062782	00111	00111
chr22	37758107	00111	00111
chr22	19198490	01001	01111
chr22	20274613	01001	01111
chr22	21625196	01001	01111
chr22	23882853	01001	01111
chr22	29836554	01001	01111
chr22	31793698	01001	01111
chr22	38316512	01001	01111
chr22	44429308	01001	01111
chr22	44441978	01001	01111
chr22	45542277	01001	01111
chr22	46352075	01001	01111
chr22	47100239	01001	01111
chr22	48439986	01001	01111
chr22	25336718	01001	01001
chr22	20298581	10011	11111
chr22	25913027	10011	11111
chr22	23681221	10100	11111
chr22	21063672	10100	10100
chr22	34536324	10100	10100
chr22	16655722	10101	11111
chr22	24369345	10101	11111
chr22	42563529	10101	11111
chr22	51118478	10101	11111
chr22	16247506	01110	01111
chr22	16990420	01110	01111
chr22	17297160	01110	01111
chr22	17502357	01110	01111
chr22	17606099	01110	01111
chr22	17752472	01110	01111
chr22	18208538	01110	01111
chr22	18556759	01110	01111
chr22	18791458	01110	01111
chr22	18976080	01110	01111
chr22	19525503	01110	01111
chr22	19655381	01110	01111
chr22	20171685	01110	01111
chr22	20732170	01110	01111
chr22	20830276	01110	01111
chr22	21044631	01110	01111
chr22	21044637	01110	01111
chr22	21488649	01110	01111
chr22	22051421	01110	01111
chr22	22065210	01110	01111
chr22	22137533	01110	01111
chr22	22180420	01110	01111
chr22	22185950	01110	01111
chr22	22268188	01110	01111
chr22	22787515	01110	01111
chr22	22820575	01110	01111
chr22	22854218	01110	01111
chr22	24063732	01110	01111
chr22	24069068	01110	01111
chr22	24771473	01110	01111
chr22	26212282	01110	01111
chr22	26834973	01110	01111
chr22	26856786	01110	01111
chr22	27602596	01110	01111
chr22	29578558	01110	01111
chr22	29694378	01110	01111
chr22	29703671	01110	01111
chr22	30098118	01110	01111
chr22	30916317	01110	01111
chr22	31148062	01110	01111
chr22	31262880	01110	01111
chr22	31348416	01110	01111
chr22	31844708	01110	01111
chr22	32031615	01110	01111
chr22	32183445	01110	01111
chr22	32301253	01110	01111
chr22	32308184	01110	01111
chr22	33208751	01110	01111
chr22	33418706	01110	01111
chr22	33915449	01110	01111
chr22	33982756	01110	01111
chr22	34349256	01110	01111
chr22	34608949	01110	01111
chr22	34703132	01110	01111
chr22	34710282	01110	01111
chr22	35790198	01110	01111
chr22	35950435	01110	01111
chr22	36021503	01110	01111
chr22	36029699	01110	01111
chr22	36041936	01110	01111
chr22	36358561	01110	01111
chr22	37121324	01110	01111
chr22	37611425	01110	01111
chr22	37750988	01110	01111
chr22	38820806	01110	01111
chr22	39093233	01110	01111
chr22	39329934	01110	01111
chr22	39376336	01110	01111
chr22	39416908	01110	01111
chr22	39511182	01110	01111
chr22	40131404	01110	01111
chr22	40545177	01110	01111
chr22	42352765	01110	01111
chr22	42835226	01110	01111
chr22	43046888	01110	01111
chr22	43482181	01110	01111
chr22	43938502	01110	01111
chr22	44090208	01110	01111
chr22	44130653	01110	01111
chr22	44401129	01110	01111
chr22	44509392	01110	01111
chr22	44892991	01110	01111
chr22	45478178	01110	01111
chr22	45537290	01110	01111
chr22	46203088	01110	01111
chr22	46301254	01110	01111
chr22	46487785	01110	01111
chr22	46811906	01110	01111
chr22	46934951	01110	01111
chr22	46999398	01110	01111
chr22	47036377	01110	01111
chr22	47205287	01110	01111
chr22	47903432	01110	01111
chr22	48052920	01110	01111
chr22	48061400	01110	01111
chr22	48283621	01110	01111
chr22	49041930	01110	01111
chr22	49184801	01110	01111
chr22	49289408	01110	01111
chr22	49478627	01110	01111
chr22	49549231	01110	01111
chr22	49732759	01110	01111
chr22	49875396	01110	01111
chr22	49933119	01110	01111
chr22	50003090	01110	01111
chr22	50129394	01110	01111
chr22	51191378	01110	01111
chr22	16378428	01110	01110
chr22	31929761	01110	01110
