-----
Chromosome	Location	Original Code	New Code
-----
chr22	16081115	11100	11111
chr22	16341685	11100	11111
chr22	16409806	11100	11111
chr22	31780625	11100	11111
chr22	35187389	11100	11111
chr22	38626051	11100	11111
chr22	51220848	11100	11111
chr22	17499030	11100	11100
chr22	19688482	11100	11100
chr22	16083573	11101	11111
chr22	16228759	11101	11111
chr22	16364901	11101	11111
chr22	16409256	11101	11111
chr22	16573733	11101	11111
chr22	16910091	11101	11111
chr22	16925896	11101	11111
chr22	16943493	11101	11111
chr22	17031447	11101	11111
chr22	17031762	11101	11111
chr22	17248707	11101	11111
chr22	17250023	11101	11111
chr22	17626466	11101	11111
chr22	18333902	11101	11111
chr22	18843741	11101	11111
chr22	18904875	11101	11111
chr22	19631456	11101	11111
chr22	20298581	11101	11111
chr22	20475112	11101	11111
chr22	21050417	11101	11111
chr22	21635607	11101	11111
chr22	22643421	11101	11111
chr22	22878108	11101	11111
chr22	24651927	11101	11111
chr22	24655282	11101	11111
chr22	24659348	11101	11111
chr22	25065795	11101	11111
chr22	25901884	11101	11111
chr22	25912968	11101	11111
chr22	26149171	11101	11111
chr22	26202598	11101	11111
chr22	29072917	11101	11111
chr22	30150140	11101	11111
chr22	30150549	11101	11111
chr22	30713338	11101	11111
chr22	30733111	11101	11111
chr22	33068118	11101	11111
chr22	33527405	11101	11111
chr22	35907252	11101	11111
chr22	37330082	11101	11111
chr22	37596333	11101	11111
chr22	40541981	11101	11111
chr22	41840407	11101	11111
chr22	42121278	11101	11111
chr22	42525952	11101	11111
chr22	42905055	11101	11111
chr22	44077107	11101	11111
chr22	44855495	11101	11111
chr22	46667037	11101	11111
chr22	47606957	11101	11111
chr22	48492542	11101	11111
chr22	49742889	11101	11111
chr22	49838934	11101	11111
chr22	49951798	11101	11111
chr22	50269540	11101	11111
chr22	50586987	11101	11111
chr22	50591964	11101	11111
chr22	16402212	11101	11101
chr22	18836501	11101	11101
chr22	18836515	11101	11101
chr22	21571677	11101	11101
chr22	23669869	11101	11101
chr22	23669878	11101	11101
chr22	34954945	11101	11101
chr22	47255448	11101	11101
chr22	50746656	11101	11101
chr22	17338215	00101	00111
chr22	17414974	00101	00111
chr22	18094951	00101	00111
chr22	18979431	00101	00111
chr22	22476648	00101	00111
chr22	23888449	00101	00111
chr22	25452443	00101	00111
chr22	28676937	00101	00111
chr22	32192473	00101	00111
chr22	33166925	00101	00111
chr22	35193682	00101	00111
chr22	36248246	00101	00111
chr22	38091515	00101	00111
chr22	41110514	00101	00111
chr22	41866850	00101	00111
chr22	42999104	00101	00111
chr22	43232019	00101	00111
chr22	43821544	00101	00111
chr22	44414920	00101	00111
chr22	46286602	00101	00111
chr22	46965574	00101	00111
chr22	49074954	00101	00111
chr22	16250790	00101	00101
chr22	49793383	00101	00101
chr22	21071059	10001	11111
chr22	44509903	10001	11111
chr22	48648660	10001	11111
chr22	48648663	10001	11111
chr22	42563529	10001	10001
chr22	16916066	11010	11111
chr22	25642251	11010	11111
chr22	42963183	11010	11111
chr22	44509163	11010	11111
chr22	47000776	11010	11111
chr22	51230503	11010	11111
chr22	16346070	11010	11010
chr22	16411235	11010	11010
chr22	16647946	11010	11010
chr22	20502333	11010	11010
chr22	23653555	11010	11010
chr22	16208762	11011	11111
chr22	16208767	11011	11111
chr22	16251281	11011	11111
chr22	16433771	11011	11111
chr22	16463039	11011	11111
chr22	16898206	11011	11111
chr22	16936740	11011	11111
chr22	16941074	11011	11111
chr22	16953044	11011	11111
chr22	16957145	11011	11111
chr22	16957146	11011	11111
chr22	17235880	11011	11111
chr22	18343843	11011	11111
chr22	18468087	11011	11111
chr22	18941153	11011	11111
chr22	19168616	11011	11111
chr22	20324038	11011	11111
chr22	20705118	11011	11111
chr22	20771369	11011	11111
chr22	21044663	11011	11111
chr22	21066942	11011	11111
chr22	21570790	11011	11111
chr22	21575800	11011	11111
chr22	21720452	11011	11111
chr22	22266938	11011	11111
chr22	22975335	11011	11111
chr22	23771795	11011	11111
chr22	23879817	11011	11111
chr22	23897694	11011	11111
chr22	23947494	11011	11111
chr22	24150073	11011	11111
chr22	24222606	11011	11111
chr22	24645300	11011	11111
chr22	24871831	11011	11111
chr22	25016121	11011	11111
chr22	25065777	11011	11111
chr22	25213480	11011	11111
chr22	25642250	11011	11111
chr22	25685739	11011	11111
chr22	25902937	11011	11111
chr22	26002137	11011	11111
chr22	27301137	11011	11111
chr22	30792914	11011	11111
chr22	31027486	11011	11111
chr22	32580130	11011	11111
chr22	34069992	11011	11111
chr22	34789111	11011	11111
chr22	35331562	11011	11111
chr22	35561795	11011	11111
chr22	35584580	11011	11111
chr22	36091226	11011	11111
chr22	37646131	11011	11111
chr22	38567136	11011	11111
chr22	39386819	11011	11111
chr22	39466203	11011	11111
chr22	39604442	11011	11111
chr22	39771920	11011	11111
chr22	40167388	11011	11111
chr22	41119316	11011	11111
chr22	42489434	11011	11111
chr22	44500143	11011	11111
chr22	45233718	11011	11111
chr22	46840901	11011	11111
chr22	46846881	11011	11111
chr22	46889723	11011	11111
chr22	48253446	11011	11111
chr22	48438489	11011	11111
chr22	48701023	11011	11111
chr22	49233160	11011	11111
chr22	49780071	11011	11111
chr22	50747995	11011	11111
chr22	18847327	11011	11011
chr22	21665168	11011	11011
chr22	18802480	11001	11111
chr22	18844942	11001	11111
chr22	20298220	11001	11111
chr22	20354187	11001	11111
chr22	20449216	11001	11111
chr22	20718029	11001	11111
chr22	21515683	11001	11111
chr22	38120041	11001	11111
chr22	51212207	11001	11111
chr22	51118478	11001	11001
chr22	21479869	10010	11111
chr22	24323878	10010	11111
chr22	45150253	10010	11111
chr22	16681924	00110	00111
chr22	19487382	00110	00111
chr22	22001320	00110	00111
chr22	22111198	00110	00111
chr22	24077755	00110	00111
chr22	24709345	00110	00111
chr22	25602044	00110	00111
chr22	26956337	00110	00111
chr22	30856041	00110	00111
chr22	31406912	00110	00111
chr22	31634889	00110	00111
chr22	31846827	00110	00111
chr22	31935209	00110	00111
chr22	33023577	00110	00111
chr22	36644460	00110	00111
chr22	37953027	00110	00111
chr22	38139534	00110	00111
chr22	39696926	00110	00111
chr22	40379547	00110	00111
chr22	41668906	00110	00111
chr22	42176006	00110	00111
chr22	42862919	00110	00111
chr22	44685063	00110	00111
chr22	44960996	00110	00111
chr22	45233866	00110	00111
chr22	46562768	00110	00111
chr22	47504916	00110	00111
chr22	48092516	00110	00111
chr22	48128394	00110	00111
chr22	48237398	00110	00111
chr22	49324889	00110	00111
chr22	31846828	00110	00110
chr22	16984522	01011	01111
chr22	24426504	01011	01111
chr22	26075803	01011	01111
chr22	30639557	01011	01111
chr22	32846128	01011	01111
chr22	32986493	01011	01111
chr22	33402046	01011	01111
chr22	33697634	01011	01111
chr22	36258050	01011	01111
chr22	38688424	01011	01111
chr22	39079818	01011	01111
chr22	39537624	01011	01111
chr22	39845289	01011	01111
chr22	41984488	01011	01111
chr22	42224106	01011	01111
chr22	42385338	01011	01111
chr22	43373901	01011	01111
chr22	44325168	01011	01111
chr22	48648081	01011	01111
chr22	49490555	01011	01111
chr22	50245221	01011	01111
chr22	21750506	01011	01011
chr22	50066435	01011	01011
chr22	18836210	01100	01111
chr22	19155992	01100	01111
chr22	21936446	01100	01111
chr22	22086636	01100	01111
chr22	23681221	01100	01111
chr22	24494454	01100	01111
chr22	25071320	01100	01111
chr22	31330936	01100	01111
chr22	31751781	01100	01111
chr22	34734391	01100	01111
chr22	36033558	01100	01111
chr22	37443573	01100	01111
chr22	37792116	01100	01111
chr22	41109363	01100	01111
chr22	41836126	01100	01111
chr22	47531171	01100	01111
chr22	49294811	01100	01111
chr22	51046148	01100	01111
chr22	25336700	01100	01100
chr22	25336704	01100	01100
chr22	33171694	01100	01100
chr22	49549238	01100	01100
chr22	16346045	11110	11111
chr22	16364923	11110	11111
chr22	16874231	11110	11111
chr22	16956445	11110	11111
chr22	16983284	11110	11111
chr22	17250223	11110	11111
chr22	17251435	11110	11111
chr22	17366493	11110	11111
chr22	18116033	11110	11111
chr22	18715431	11110	11111
chr22	19014649	11110	11111
chr22	19967980	11110	11111
chr22	20463316	11110	11111
chr22	20743106	11110	11111
chr22	21505702	11110	11111
chr22	21520872	11110	11111
chr22	21548497	11110	11111
chr22	21639323	11110	11111
chr22	21829254	11110	11111
chr22	22175985	11110	11111
chr22	22237512	11110	11111
chr22	22624260	11110	11111
chr22	22979131	11110	11111
chr22	22982363	11110	11111
chr22	23658326	11110	11111
chr22	23680589	11110	11111
chr22	24195832	11110	11111
chr22	24652371	11110	11111
chr22	25002815	11110	11111
chr22	25070472	11110	11111
chr22	25697952	11110	11111
chr22	25902672	11110	11111
chr22	27671082	11110	11111
chr22	28590275	11110	11111
chr22	31329056	11110	11111
chr22	34806992	11110	11111
chr22	35558300	11110	11111
chr22	35563775	11110	11111
chr22	35646478	11110	11111
chr22	35888192	11110	11111
chr22	35888195	11110	11111
chr22	38759046	11110	11111
chr22	39446528	11110	11111
chr22	41428977	11110	11111
chr22	42963187	11110	11111
chr22	43035793	11110	11111
chr22	43170942	11110	11111
chr22	44188721	11110	11111
chr22	44510539	11110	11111
chr22	44842354	11110	11111
chr22	44933412	11110	11111
chr22	47000916	11110	11111
chr22	48300394	11110	11111
chr22	48355483	11110	11111
chr22	49573874	11110	11111
chr22	49825062	11110	11111
chr22	51002551	11110	11111
chr22	16411253	11110	11110
chr22	18752095	11110	11110
chr22	18752106	11110	11110
chr22	18824362	11110	11110
chr22	21480192	11110	11110
chr22	21680702	11110	11110
chr22	22970974	11110	11110
chr22	16470572	01010	01111
chr22	17131552	01010	01111
chr22	17247619	01010	01111
chr22	18841052	01010	01111
chr22	18983250	01010	01111
chr22	19066123	01010	01111
chr22	19390821	01010	01111
chr22	20378111	01010	01111
chr22	23959868	01010	01111
chr22	25986929	01010	01111
chr22	28999921	01010	01111
chr22	29290802	01010	01111
chr22	38357749	01010	01111
chr22	38859657	01010	01111
chr22	40489008	01010	01111
chr22	41165291	01010	01111
chr22	43161343	01010	01111
chr22	50323347	01010	01111
chr22	50870524	01010	01111
chr22	51123920	01010	01111
chr22	16081329	01010	01010
chr22	21814978	01010	01010
chr22	24631529	01010	01010
chr22	39037979	01010	01010
chr22	39618742	01010	01010
chr22	41612667	01010	01010
chr22	44581207	01010	01010
chr22	46347677	01010	01010
chr22	50467610	10110	11111
chr22	16384639	10110	10110
chr22	16213573	11000	11111
chr22	16507651	11000	11111
chr22	47000761	11000	11111
chr22	16695096	01101	01111
chr22	18621986	01101	01111
chr22	19747462	01101	01111
chr22	20035149	01101	01111
chr22	20900378	01101	01111
chr22	22704059	01101	01111
chr22	24043820	01101	01111
chr22	26123496	01101	01111
chr22	27140868	01101	01111
chr22	27706616	01101	01111
chr22	29916750	01101	01111
chr22	33341358	01101	01111
chr22	36603520	01101	01111
chr22	36709866	01101	01111
chr22	37419260	01101	01111
chr22	37447086	01101	01111
chr22	39367630	01101	01111
chr22	40298132	01101	01111
chr22	40323369	01101	01111
chr22	40835843	01101	01111
chr22	41753849	01101	01111
chr22	43161842	01101	01111
chr22	45859649	01101	01111
chr22	46099551	01101	01111
chr22	47685850	01101	01111
chr22	49074950	01101	01111
chr22	49132199	01101	01111
chr22	50120954	01101	01111
chr22	50451537	01101	01111
chr22	18823772	01101	01101
chr22	19684423	01101	01101
chr22	19684429	01101	01101
chr22	16104288	10111	11111
chr22	16649937	10111	11111
chr22	16973059	10111	11111
chr22	16973063	10111	11111
chr22	17050777	10111	11111
chr22	19022175	10111	11111
chr22	20346278	10111	11111
chr22	20449100	10111	11111
chr22	20470617	10111	11111
chr22	20626695	10111	11111
chr22	20706869	10111	11111
chr22	21581864	10111	11111
chr22	22980270	10111	11111
chr22	24651349	10111	11111
chr22	24657872	10111	11111
chr22	25048768	10111	11111
chr22	25663036	10111	11111
chr22	27758706	10111	11111
chr22	31986132	10111	11111
chr22	49122311	10111	11111
chr22	50253683	10111	11111
chr22	50585962	10111	10111
chr22	17373889	01001	01111
chr22	17519946	01001	01111
chr22	21494149	01001	01111
chr22	24695229	01001	01111
chr22	26022988	01001	01111
chr22	26564944	01001	01111
chr22	27984734	01001	01111
chr22	34954343	01001	01111
chr22	36277810	01001	01111
chr22	38878585	01001	01111
chr22	41626344	01001	01111
chr22	44843481	01001	01111
chr22	45430288	01001	01111
chr22	47341795	01001	01111
chr22	48648411	01001	01111
chr22	16296444	01001	01001
chr22	17680809	01001	01001
chr22	33146066	01001	01001
chr22	36450376	01001	01001
chr22	38020781	01001	01001
chr22	38881399	01001	01001
chr22	42750184	01001	01001
chr22	44690014	01001	01001
chr22	45655398	01001	01001
chr22	45140591	10011	11111
chr22	16099957	10011	10011
chr22	16223418	10101	11111
chr22	16695829	10101	11111
chr22	18787128	10101	11111
chr22	24369345	10101	11111
chr22	24651330	10101	11111
chr22	16439594	01110	01111
chr22	16476319	01110	01111
chr22	16928104	01110	01111
chr22	18302464	01110	01111
chr22	19672747	01110	01111
chr22	20874351	01110	01111
chr22	22557875	01110	01111
chr22	23033361	01110	01111
chr22	23997488	01110	01111
chr22	24629237	01110	01111
chr22	25954515	01110	01111
chr22	26736802	01110	01111
chr22	28670006	01110	01111
chr22	29815321	01110	01111
chr22	32764562	01110	01111
chr22	33979517	01110	01111
chr22	33991384	01110	01111
chr22	34129980	01110	01111
chr22	34753959	01110	01111
chr22	37534284	01110	01111
chr22	40088514	01110	01111
chr22	41028936	01110	01111
chr22	41693440	01110	01111
chr22	43573175	01110	01111
chr22	43589349	01110	01111
chr22	50713759	01110	01111
