-----
Chromosome	Location	Original Code	New Code
-----
chr22	16096159	11100	11111
chr22	16208756	11100	11111
chr22	16208762	11100	11111
chr22	16208767	11100	11111
chr22	16354754	11100	11111
chr22	16590575	11100	11111
chr22	16914473	11100	11111
chr22	16953044	11100	11111
chr22	17230141	11100	11111
chr22	20343199	11100	11111
chr22	20486571	11100	11111
chr22	21022550	11100	11111
chr22	25922910	11100	11111
chr22	44375244	11100	11111
chr22	46378939	11100	11111
chr22	49780839	11100	11111
chr22	18823772	11100	11100
chr22	18838749	11100	11100
chr22	16101814	11101	11111
chr22	16306002	11101	11111
chr22	16364923	11101	11111
chr22	16522386	11101	11111
chr22	16539295	11101	11111
chr22	16647856	11101	11111
chr22	16661840	11101	11111
chr22	16661856	11101	11111
chr22	16874385	11101	11111
chr22	16878882	11101	11111
chr22	16878904	11101	11111
chr22	16954713	11101	11111
chr22	16955471	11101	11111
chr22	16955494	11101	11111
chr22	16956957	11101	11111
chr22	17030238	11101	11111
chr22	17030890	11101	11111
chr22	17031581	11101	11111
chr22	17036033	11101	11111
chr22	17037718	11101	11111
chr22	17509984	11101	11111
chr22	18652993	11101	11111
chr22	18787761	11101	11111
chr22	18832087	11101	11111
chr22	18941153	11101	11111
chr22	19022580	11101	11111
chr22	19947361	11101	11111
chr22	20320242	11101	11111
chr22	20322149	11101	11111
chr22	20329369	11101	11111
chr22	20468135	11101	11111
chr22	20655662	11101	11111
chr22	20715433	11101	11111
chr22	21044637	11101	11111
chr22	21048849	11101	11111
chr22	21049094	11101	11111
chr22	21064059	11101	11111
chr22	21298053	11101	11111
chr22	21331629	11101	11111
chr22	21348084	11101	11111
chr22	21357006	11101	11111
chr22	21636026	11101	11111
chr22	21665168	11101	11111
chr22	21682301	11101	11111
chr22	21916361	11101	11111
chr22	22607546	11101	11111
chr22	22620818	11101	11111
chr22	22664807	11101	11111
chr22	22668855	11101	11111
chr22	22991257	11101	11111
chr22	23652212	11101	11111
chr22	23680965	11101	11111
chr22	23758688	11101	11111
chr22	24009879	11101	11111
chr22	24009918	11101	11111
chr22	24013947	11101	11111
chr22	24013979	11101	11111
chr22	24017527	11101	11111
chr22	24027648	11101	11111
chr22	24027650	11101	11111
chr22	24101658	11101	11111
chr22	24156109	11101	11111
chr22	24301040	11101	11111
chr22	24659623	11101	11111
chr22	24660074	11101	11111
chr22	24956134	11101	11111
chr22	25071286	11101	11111
chr22	25591883	11101	11111
chr22	25604188	11101	11111
chr22	25737826	11101	11111
chr22	27339214	11101	11111
chr22	27642918	11101	11111
chr22	27648272	11101	11111
chr22	28508895	11101	11111
chr22	28610029	11101	11111
chr22	28783945	11101	11111
chr22	29100564	11101	11111
chr22	29127412	11101	11111
chr22	29978026	11101	11111
chr22	30300112	11101	11111
chr22	30396476	11101	11111
chr22	30760568	11101	11111
chr22	31007292	11101	11111
chr22	31024553	11101	11111
chr22	31028344	11101	11111
chr22	31066406	11101	11111
chr22	32071017	11101	11111
chr22	32736667	11101	11111
chr22	33436962	11101	11111
chr22	33497032	11101	11111
chr22	33984394	11101	11111
chr22	34493709	11101	11111
chr22	34783173	11101	11111
chr22	34794238	11101	11111
chr22	34923678	11101	11111
chr22	35187403	11101	11111
chr22	35455363	11101	11111
chr22	35887894	11101	11111
chr22	35888203	11101	11111
chr22	35888210	11101	11111
chr22	36699779	11101	11111
chr22	36930447	11101	11111
chr22	37215758	11101	11111
chr22	37658699	11101	11111
chr22	37800822	11101	11111
chr22	37800823	11101	11111
chr22	38096697	11101	11111
chr22	38097359	11101	11111
chr22	38570219	11101	11111
chr22	38575412	11101	11111
chr22	38763915	11101	11111
chr22	38765338	11101	11111
chr22	39157384	11101	11111
chr22	39394421	11101	11111
chr22	39458165	11101	11111
chr22	39497006	11101	11111
chr22	41208362	11101	11111
chr22	41401150	11101	11111
chr22	42441091	11101	11111
chr22	42521489	11101	11111
chr22	42536211	11101	11111
chr22	42638205	11101	11111
chr22	43147206	11101	11111
chr22	43155270	11101	11111
chr22	43236128	11101	11111
chr22	43370549	11101	11111
chr22	43401772	11101	11111
chr22	43432938	11101	11111
chr22	43640728	11101	11111
chr22	44286095	11101	11111
chr22	44489896	11101	11111
chr22	44935606	11101	11111
chr22	45252285	11101	11111
chr22	46309893	11101	11111
chr22	46378906	11101	11111
chr22	46975876	11101	11111
chr22	47012018	11101	11111
chr22	47243463	11101	11111
chr22	47272894	11101	11111
chr22	47293470	11101	11111
chr22	47293815	11101	11111
chr22	47631021	11101	11111
chr22	48835465	11101	11111
chr22	49053339	11101	11111
chr22	49064902	11101	11111
chr22	49074933	11101	11111
chr22	49258602	11101	11111
chr22	49258765	11101	11111
chr22	49357910	11101	11111
chr22	49429949	11101	11111
chr22	49780858	11101	11111
chr22	49780974	11101	11111
chr22	49989272	11101	11111
chr22	50030008	11101	11111
chr22	50585962	11101	11111
chr22	50836283	11101	11111
chr22	51194265	11101	11111
chr22	51194679	11101	11111
chr22	51211980	11101	11111
chr22	51213613	11101	11111
chr22	51241348	11101	11111
chr22	16069000	11101	11101
chr22	16288200	11101	11101
chr22	16363961	11101	11101
chr22	18810587	11101	11101
chr22	18840863	11101	11101
chr22	19947359	11101	11101
chr22	21586643	11101	11101
chr22	25853106	11101	11101
chr22	36097036	11101	11101
chr22	42563532	11101	11101
chr22	16251281	10001	11111
chr22	16288255	10001	11111
chr22	21718261	10001	11111
chr22	17373889	10001	10001
chr22	16229769	11010	11111
chr22	17003505	11010	11111
chr22	18752095	11010	11111
chr22	20394502	11010	11111
chr22	20394526	11010	11111
chr22	24659348	11010	11111
chr22	25051265	11010	11111
chr22	31509037	11010	11111
chr22	49122311	11010	11111
chr22	51195292	11010	11111
chr22	21819437	11010	11010
chr22	35189271	11010	11010
chr22	51235979	11010	11010
chr22	16098314	11011	11111
chr22	16104288	11011	11111
chr22	16142365	11011	11111
chr22	16340551	11011	11111
chr22	16347639	11011	11111
chr22	16387131	11011	11111
chr22	16409671	11011	11111
chr22	16528441	11011	11111
chr22	16631738	11011	11111
chr22	16885634	11011	11111
chr22	16912385	11011	11111
chr22	16953405	11011	11111
chr22	16978368	11011	11111
chr22	17030614	11011	11111
chr22	17031546	11011	11111
chr22	17031567	11011	11111
chr22	17130268	11011	11111
chr22	17145814	11011	11111
chr22	17150676	11011	11111
chr22	17230404	11011	11111
chr22	17390526	11011	11111
chr22	17808479	11011	11111
chr22	18196875	11011	11111
chr22	18320681	11011	11111
chr22	18569254	11011	11111
chr22	18728211	11011	11111
chr22	18802480	11011	11111
chr22	18823741	11011	11111
chr22	18940568	11011	11111
chr22	18971748	11011	11111
chr22	18978681	11011	11111
chr22	19160899	11011	11111
chr22	19906306	11011	11111
chr22	20279128	11011	11111
chr22	20291481	11011	11111
chr22	20291912	11011	11111
chr22	20320731	11011	11111
chr22	20354187	11011	11111
chr22	20505550	11011	11111
chr22	20640732	11011	11111
chr22	20657935	11011	11111
chr22	20727332	11011	11111
chr22	20993477	11011	11111
chr22	21337266	11011	11111
chr22	21383429	11011	11111
chr22	21680950	11011	11111
chr22	21682205	11011	11111
chr22	21943938	11011	11111
chr22	22245556	11011	11111
chr22	22620837	11011	11111
chr22	22643421	11011	11111
chr22	22878109	11011	11111
chr22	23059311	11011	11111
chr22	23261086	11011	11111
chr22	23938002	11011	11111
chr22	24007798	11011	11111
chr22	24010752	11011	11111
chr22	24607467	11011	11111
chr22	24655669	11011	11111
chr22	24692852	11011	11111
chr22	24885974	11011	11111
chr22	25701126	11011	11111
chr22	25701127	11011	11111
chr22	25922274	11011	11111
chr22	25922555	11011	11111
chr22	26776120	11011	11111
chr22	28788185	11011	11111
chr22	29813253	11011	11111
chr22	30521770	11011	11111
chr22	30759854	11011	11111
chr22	30847313	11011	11111
chr22	30961048	11011	11111
chr22	32709223	11011	11111
chr22	33339736	11011	11111
chr22	33808425	11011	11111
chr22	33836233	11011	11111
chr22	33997376	11011	11111
chr22	34402369	11011	11111
chr22	34773566	11011	11111
chr22	34773573	11011	11111
chr22	34773580	11011	11111
chr22	34848550	11011	11111
chr22	34955094	11011	11111
chr22	34971958	11011	11111
chr22	35201115	11011	11111
chr22	35993150	11011	11111
chr22	36890342	11011	11111
chr22	37583096	11011	11111
chr22	37790503	11011	11111
chr22	38183470	11011	11111
chr22	38545891	11011	11111
chr22	39690151	11011	11111
chr22	40758581	11011	11111
chr22	40829953	11011	11111
chr22	41611619	11011	11111
chr22	43088078	11011	11111
chr22	43156469	11011	11111
chr22	43241787	11011	11111
chr22	43274772	11011	11111
chr22	43526496	11011	11111
chr22	43573946	11011	11111
chr22	44834188	11011	11111
chr22	44942879	11011	11111
chr22	45665787	11011	11111
chr22	45724132	11011	11111
chr22	45972017	11011	11111
chr22	46313445	11011	11111
chr22	46321566	11011	11111
chr22	46883959	11011	11111
chr22	46925625	11011	11111
chr22	47025780	11011	11111
chr22	47262124	11011	11111
chr22	47665204	11011	11111
chr22	47842211	11011	11111
chr22	47862727	11011	11111
chr22	47986036	11011	11111
chr22	48501358	11011	11111
chr22	48717026	11011	11111
chr22	48908140	11011	11111
chr22	49028568	11011	11111
chr22	49056665	11011	11111
chr22	49088757	11011	11111
chr22	49486535	11011	11111
chr22	49780071	11011	11111
chr22	49878491	11011	11111
chr22	50007874	11011	11111
chr22	50018651	11011	11111
chr22	50018654	11011	11111
chr22	50072369	11011	11111
chr22	16598482	11011	11011
chr22	16681678	11011	11011
chr22	18715951	11011	11011
chr22	18929913	11011	11011
chr22	20322389	11011	11011
chr22	21550630	11011	11011
chr22	21636129	11011	11011
chr22	23661655	11011	11011
chr22	27897886	11011	11011
chr22	16347827	11001	11111
chr22	20320229	11001	11111
chr22	21520872	11001	11111
chr22	16973063	10010	11111
chr22	25663036	10010	11111
chr22	20062782	10010	10010
chr22	25002815	10010	10010
chr22	21683529	00110	01111
chr22	19009658	01011	01111
chr22	31108945	01011	01111
chr22	47014919	01011	01111
chr22	49579031	01011	01111
chr22	26342659	01100	01111
chr22	48875260	01100	01111
chr22	19947360	01100	01100
chr22	16081628	11110	11111
chr22	16102810	11110	11111
chr22	16103935	11110	11111
chr22	16206106	11110	11111
chr22	16659787	11110	11111
chr22	16893937	11110	11111
chr22	16898844	11110	11111
chr22	16913064	11110	11111
chr22	16913399	11110	11111
chr22	16941398	11110	11111
chr22	16947203	11110	11111
chr22	16956207	11110	11111
chr22	17230068	11110	11111
chr22	17230121	11110	11111
chr22	17230347	11110	11111
chr22	17233794	11110	11111
chr22	17360441	11110	11111
chr22	17374133	11110	11111
chr22	17389801	11110	11111
chr22	17416238	11110	11111
chr22	18533434	11110	11111
chr22	18567276	11110	11111
chr22	18770816	11110	11111
chr22	19326192	11110	11111
chr22	20244723	11110	11111
chr22	20470617	11110	11111
chr22	20716110	11110	11111
chr22	20784630	11110	11111
chr22	21050335	11110	11111
chr22	21050875	11110	11111
chr22	21110158	11110	11111
chr22	21202747	11110	11111
chr22	21365759	11110	11111
chr22	21819370	11110	11111
chr22	21923144	11110	11111
chr22	21982054	11110	11111
chr22	22533623	11110	11111
chr22	22534039	11110	11111
chr22	23082802	11110	11111
chr22	23104527	11110	11111
chr22	23502708	11110	11111
chr22	24014049	11110	11111
chr22	24206089	11110	11111
chr22	24407561	11110	11111
chr22	24659644	11110	11111
chr22	25070472	11110	11111
chr22	25175658	11110	11111
chr22	25214410	11110	11111
chr22	25338498	11110	11111
chr22	25790799	11110	11111
chr22	26177303	11110	11111
chr22	26639605	11110	11111
chr22	27012894	11110	11111
chr22	27044317	11110	11111
chr22	27431791	11110	11111
chr22	27466842	11110	11111
chr22	27489815	11110	11111
chr22	27520769	11110	11111
chr22	27961350	11110	11111
chr22	28023875	11110	11111
chr22	30753985	11110	11111
chr22	31438993	11110	11111
chr22	31622227	11110	11111
chr22	32709611	11110	11111
chr22	32876739	11110	11111
chr22	33241368	11110	11111
chr22	33413199	11110	11111
chr22	34546503	11110	11111
chr22	34550340	11110	11111
chr22	34804897	11110	11111
chr22	35027963	11110	11111
chr22	35057629	11110	11111
chr22	35061772	11110	11111
chr22	35104055	11110	11111
chr22	35124893	11110	11111
chr22	35131487	11110	11111
chr22	35381738	11110	11111
chr22	35764050	11110	11111
chr22	36759815	11110	11111
chr22	36774904	11110	11111
chr22	37378208	11110	11111
chr22	37971847	11110	11111
chr22	38199054	11110	11111
chr22	38273303	11110	11111
chr22	38329285	11110	11111
chr22	39508092	11110	11111
chr22	39596704	11110	11111
chr22	39596721	11110	11111
chr22	39758844	11110	11111
chr22	39797178	11110	11111
chr22	40030477	11110	11111
chr22	41610406	11110	11111
chr22	41822793	11110	11111
chr22	42270707	11110	11111
chr22	43197034	11110	11111
chr22	43268009	11110	11111
chr22	43308526	11110	11111
chr22	43318765	11110	11111
chr22	43539431	11110	11111
chr22	44375247	11110	11111
chr22	44375275	11110	11111
chr22	44510273	11110	11111
chr22	44614313	11110	11111
chr22	44930386	11110	11111
chr22	45058621	11110	11111
chr22	46318178	11110	11111
chr22	46327540	11110	11111
chr22	46518189	11110	11111
chr22	46525916	11110	11111
chr22	46646609	11110	11111
chr22	46916960	11110	11111
chr22	46963307	11110	11111
chr22	47324705	11110	11111
chr22	47563402	11110	11111
chr22	47645317	11110	11111
chr22	47862244	11110	11111
chr22	48664409	11110	11111
chr22	48720355	11110	11111
chr22	48875205	11110	11111
chr22	48875229	11110	11111
chr22	48877616	11110	11111
chr22	49058512	11110	11111
chr22	49074954	11110	11111
chr22	49565037	11110	11111
chr22	50066487	11110	11111
chr22	50084411	11110	11111
chr22	50239153	11110	11111
chr22	50264652	11110	11111
chr22	50811184	11110	11111
chr22	51047933	11110	11111
chr22	51206533	11110	11111
chr22	51220848	11110	11111
chr22	18863520	11110	11110
chr22	21602403	11110	11110
chr22	21712358	11110	11110
chr22	16406130	10110	11111
chr22	16973059	10110	11111
chr22	21555389	10110	11111
chr22	44933883	10110	11111
chr22	17031584	11000	11111
chr22	20449100	11000	11111
chr22	24010403	11000	11111
chr22	24323878	11000	11111
chr22	16695829	01101	01111
chr22	18200611	01101	01111
chr22	20627265	01101	01111
chr22	21265134	01101	01111
chr22	21718264	01101	01111
chr22	24673494	01101	01111
chr22	30301885	01101	01111
chr22	36618351	01101	01111
chr22	38343102	01101	01111
chr22	38817057	01101	01111
chr22	39225405	01101	01111
chr22	47000916	01101	01111
chr22	47624085	01101	01111
chr22	48433515	01101	01111
chr22	49132199	01101	01111
chr22	49567740	01101	01111
chr22	21038134	01101	01101
chr22	38626051	01101	01101
chr22	16079564	10111	11111
chr22	16083573	10111	11111
chr22	16288716	10111	11111
chr22	16288739	10111	11111
chr22	16387795	10111	11111
chr22	16667885	10111	11111
chr22	16674154	10111	11111
chr22	16873787	10111	11111
chr22	16873867	10111	11111
chr22	16874745	10111	11111
chr22	16897762	10111	11111
chr22	16898726	10111	11111
chr22	16930987	10111	11111
chr22	16945730	10111	11111
chr22	16952742	10111	11111
chr22	16980085	10111	11111
chr22	16993557	10111	11111
chr22	17002259	10111	11111
chr22	17028148	10111	11111
chr22	17030690	10111	11111
chr22	17030694	10111	11111
chr22	17052123	10111	11111
chr22	17169719	10111	11111
chr22	17252900	10111	11111
chr22	17386251	10111	11111
chr22	17949763	10111	11111
chr22	18252103	10111	11111
chr22	18309411	10111	11111
chr22	18401209	10111	11111
chr22	18579824	10111	11111
chr22	18589318	10111	11111
chr22	18779975	10111	11111
chr22	18926421	10111	11111
chr22	18957593	10111	11111
chr22	18972331	10111	11111
chr22	19021819	10111	11111
chr22	19041699	10111	11111
chr22	19362142	10111	11111
chr22	19492692	10111	11111
chr22	19684398	10111	11111
chr22	19822681	10111	11111
chr22	19923406	10111	11111
chr22	19923415	10111	11111
chr22	19947346	10111	11111
chr22	19947347	10111	11111
chr22	20322597	10111	11111
chr22	20326003	10111	11111
chr22	20471978	10111	11111
chr22	20657146	10111	11111
chr22	20984878	10111	11111
chr22	21033371	10111	11111
chr22	21132808	10111	11111
chr22	21274587	10111	11111
chr22	21350936	10111	11111
chr22	21356566	10111	11111
chr22	21483262	10111	11111
chr22	21683298	10111	11111
chr22	21702019	10111	11111
chr22	21706499	10111	11111
chr22	22642878	10111	11111
chr22	22976532	10111	11111
chr22	23247290	10111	11111
chr22	23288676	10111	11111
chr22	24607212	10111	11111
chr22	24617271	10111	11111
chr22	24635839	10111	11111
chr22	24692219	10111	11111
chr22	24751158	10111	11111
chr22	25016121	10111	11111
chr22	25103222	10111	11111
chr22	25119284	10111	11111
chr22	25119300	10111	11111
chr22	25286016	10111	11111
chr22	25319168	10111	11111
chr22	25658201	10111	11111
chr22	25663522	10111	11111
chr22	25920066	10111	11111
chr22	26190291	10111	11111
chr22	26463024	10111	11111
chr22	26647323	10111	11111
chr22	26780333	10111	11111
chr22	26780344	10111	11111
chr22	28149160	10111	11111
chr22	29962443	10111	11111
chr22	30128660	10111	11111
chr22	30355437	10111	11111
chr22	30616044	10111	11111
chr22	30616047	10111	11111
chr22	30758236	10111	11111
chr22	30808561	10111	11111
chr22	31064305	10111	11111
chr22	31233220	10111	11111
chr22	31780625	10111	11111
chr22	32827586	10111	11111
chr22	32846128	10111	11111
chr22	33397045	10111	11111
chr22	33501287	10111	11111
chr22	33561383	10111	11111
chr22	34625156	10111	11111
chr22	34625162	10111	11111
chr22	34766511	10111	11111
chr22	34782805	10111	11111
chr22	35008735	10111	11111
chr22	35086543	10111	11111
chr22	35089669	10111	11111
chr22	35219750	10111	11111
chr22	35441736	10111	11111
chr22	36593245	10111	11111
chr22	36625910	10111	11111
chr22	36625911	10111	11111
chr22	37797728	10111	11111
chr22	38120429	10111	11111
chr22	38124990	10111	11111
chr22	38735863	10111	11111
chr22	39395144	10111	11111
chr22	39414166	10111	11111
chr22	39414224	10111	11111
chr22	40511670	10111	11111
chr22	40744053	10111	11111
chr22	40825193	10111	11111
chr22	41420679	10111	11111
chr22	42063681	10111	11111
chr22	42106996	10111	11111
chr22	42569999	10111	11111
chr22	42622250	10111	11111
chr22	42871832	10111	11111
chr22	43195147	10111	11111
chr22	43229848	10111	11111
chr22	44040712	10111	11111
chr22	44545522	10111	11111
chr22	44684039	10111	11111
chr22	44834707	10111	11111
chr22	44908478	10111	11111
chr22	45660355	10111	11111
chr22	45924412	10111	11111
chr22	46921060	10111	11111
chr22	46925715	10111	11111
chr22	47066584	10111	11111
chr22	47112378	10111	11111
chr22	47112396	10111	11111
chr22	47698266	10111	11111
chr22	47698635	10111	11111
chr22	49051512	10111	11111
chr22	49335612	10111	11111
chr22	49400552	10111	11111
chr22	49851802	10111	11111
chr22	50015145	10111	11111
chr22	50083108	10111	11111
chr22	50934012	10111	11111
chr22	51235145	10111	11111
chr22	16065774	10111	10111
chr22	16661659	10111	10111
chr22	17374102	10111	10111
chr22	18792225	10111	10111
chr22	23242285	10111	10111
chr22	23247275	10111	10111
chr22	39387285	10111	10111
chr22	45724050	10111	10111
chr22	17678746	00111	01111
chr22	18868598	00111	01111
chr22	20490661	00111	01111
chr22	21483485	00111	01111
chr22	31392922	00111	01111
chr22	37707160	00111	01111
chr22	39995681	00111	01111
chr22	40507200	00111	01111
chr22	42960070	00111	01111
chr22	45619858	00111	01111
chr22	48365806	00111	01111
chr22	48648081	00111	01111
chr22	16223418	00111	00111
chr22	23659270	01001	01111
chr22	24009862	01001	01111
chr22	33000515	01001	01111
chr22	16306250	01001	01001
chr22	16494473	01001	01001
chr22	16649937	10011	11111
chr22	18836601	10011	11111
chr22	20626695	10011	11111
chr22	21735049	10011	11111
chr22	24692619	10011	11111
chr22	44510264	10011	11111
chr22	49249195	10011	11111
chr22	16365117	10011	10011
chr22	23242288	10011	10011
chr22	51229495	10011	10011
chr22	49074950	10100	11111
chr22	49258245	10100	11111
chr22	18780549	10100	10100
chr22	45280551	10100	10100
chr22	16590578	10101	11111
chr22	16952978	10101	11111
chr22	17030710	10101	11111
chr22	17499512	10101	11111
chr22	21050201	10101	11111
chr22	21600238	10101	11111
chr22	21718250	10101	11111
chr22	38781082	10101	11111
chr22	51123920	10101	11111
chr22	51215028	10101	11111
chr22	16145512	10101	10101
chr22	16590588	10101	10101
chr22	17037551	01110	01111
chr22	17913451	01110	01111
chr22	18334403	01110	01111
chr22	19986858	01110	01111
chr22	22357103	01110	01111
chr22	29614158	01110	01111
chr22	31780464	01110	01111
chr22	31780471	01110	01111
chr22	31780473	01110	01111
chr22	31780474	01110	01111
chr22	31780481	01110	01111
chr22	39386819	01110	01111
chr22	43220915	01110	01111
chr22	45280557	01110	01111
chr22	51121171	01110	01111
