-----
Chromosome	Location	Original Code	New Code
-----
chr22	16540035	11100	11111
chr22	18791458	11100	11111
chr22	33000524	11100	11111
chr22	51123920	11100	11111
chr22	18572472	11100	11100
chr22	16103935	11101	11111
chr22	16387795	11101	11111
chr22	16573733	11101	11111
chr22	16990407	11101	11111
chr22	16990420	11101	11111
chr22	17030334	11101	11111
chr22	17516993	11101	11111
chr22	18823741	11101	11111
chr22	18841052	11101	11111
chr22	20322149	11101	11111
chr22	20324038	11101	11111
chr22	20491664	11101	11111
chr22	20706869	11101	11111
chr22	21718120	11101	11111
chr22	22019757	11101	11111
chr22	23658094	11101	11111
chr22	25336700	11101	11111
chr22	25697952	11101	11111
chr22	28732923	11101	11111
chr22	51229495	11101	11111
chr22	18752145	11101	11101
chr22	21618989	11101	11101
chr22	25336704	11101	11101
chr22	17058489	00101	00111
chr22	17678751	00101	00111
chr22	17679842	00101	00111
chr22	17703995	00101	00111
chr22	17872698	00101	00111
chr22	17918942	00101	00111
chr22	17978321	00101	00111
chr22	18302511	00101	00111
chr22	18460952	00101	00111
chr22	18480359	00101	00111
chr22	18920581	00101	00111
chr22	19398473	00101	00111
chr22	19459896	00101	00111
chr22	19489154	00101	00111
chr22	19672751	00101	00111
chr22	20298220	00101	00111
chr22	22294915	00101	00111
chr22	22353875	00101	00111
chr22	22377879	00101	00111
chr22	22804542	00101	00111
chr22	24141198	00101	00111
chr22	25084632	00101	00111
chr22	25287317	00101	00111
chr22	26569543	00101	00111
chr22	26740033	00101	00111
chr22	27192167	00101	00111
chr22	27482776	00101	00111
chr22	27814386	00101	00111
chr22	28075761	00101	00111
chr22	28267004	00101	00111
chr22	28544860	00101	00111
chr22	29919916	00101	00111
chr22	30214064	00101	00111
chr22	30664994	00101	00111
chr22	30760500	00101	00111
chr22	31093611	00101	00111
chr22	33174123	00101	00111
chr22	33460520	00101	00111
chr22	33518373	00101	00111
chr22	33592468	00101	00111
chr22	34080381	00101	00111
chr22	34464348	00101	00111
chr22	35783734	00101	00111
chr22	36266511	00101	00111
chr22	37007117	00101	00111
chr22	37324553	00101	00111
chr22	37542717	00101	00111
chr22	38143475	00101	00111
chr22	38147993	00101	00111
chr22	38153523	00101	00111
chr22	38808736	00101	00111
chr22	38918200	00101	00111
chr22	39276425	00101	00111
chr22	39283446	00101	00111
chr22	39550460	00101	00111
chr22	40464219	00101	00111
chr22	40530167	00101	00111
chr22	40691979	00101	00111
chr22	42224469	00101	00111
chr22	42622104	00101	00111
chr22	42928220	00101	00111
chr22	43044204	00101	00111
chr22	43212537	00101	00111
chr22	43597865	00101	00111
chr22	44056180	00101	00111
chr22	44171971	00101	00111
chr22	44333704	00101	00111
chr22	45659739	00101	00111
chr22	45696366	00101	00111
chr22	45868150	00101	00111
chr22	47138432	00101	00111
chr22	48877569	00101	00111
chr22	49787323	00101	00111
chr22	50568997	00101	00111
chr22	51106379	00101	00111
chr22	18787128	10001	11111
chr22	16364901	11010	11111
chr22	49793383	11010	11010
chr22	50196281	11010	11010
chr22	16223418	11011	11111
chr22	16251281	11011	11111
chr22	16340551	11011	11111
chr22	16462467	11011	11111
chr22	16590562	11011	11111
chr22	16590588	11011	11111
chr22	16878305	11011	11111
chr22	16973059	11011	11111
chr22	16973063	11011	11111
chr22	18748118	11011	11111
chr22	21044663	11011	11111
chr22	21602657	11011	11111
chr22	21689805	11011	11111
chr22	21768926	11011	11111
chr22	22643421	11011	11111
chr22	25048768	11011	11111
chr22	35076455	11011	11111
chr22	49016539	11011	11111
chr22	49074885	11011	11111
chr22	50066435	11011	11111
chr22	16078893	11011	11011
chr22	16399783	11011	11011
chr22	16319533	00011	00111
chr22	18622058	00011	00111
chr22	18947787	00011	00111
chr22	19905928	00011	00111
chr22	20049896	00011	00111
chr22	20258458	00011	00111
chr22	20832594	00011	00111
chr22	20860540	00011	00111
chr22	22178570	00011	00111
chr22	23043441	00011	00111
chr22	24000680	00011	00111
chr22	24664333	00011	00111
chr22	24756648	00011	00111
chr22	24917056	00011	00111
chr22	25110173	00011	00111
chr22	26170026	00011	00111
chr22	26544103	00011	00111
chr22	26722701	00011	00111
chr22	27590296	00011	00111
chr22	27806058	00011	00111
chr22	27853542	00011	00111
chr22	28053444	00011	00111
chr22	28288119	00011	00111
chr22	28863825	00011	00111
chr22	29205098	00011	00111
chr22	29253283	00011	00111
chr22	29387822	00011	00111
chr22	29498405	00011	00111
chr22	31020165	00011	00111
chr22	32022111	00011	00111
chr22	32306400	00011	00111
chr22	32409366	00011	00111
chr22	33460710	00011	00111
chr22	33481171	00011	00111
chr22	35669823	00011	00111
chr22	35948819	00011	00111
chr22	36275220	00011	00111
chr22	36462577	00011	00111
chr22	37455518	00011	00111
chr22	37786711	00011	00111
chr22	37847415	00011	00111
chr22	38703173	00011	00111
chr22	39721864	00011	00111
chr22	40177880	00011	00111
chr22	40272459	00011	00111
chr22	40942404	00011	00111
chr22	40976447	00011	00111
chr22	41213691	00011	00111
chr22	41575792	00011	00111
chr22	42968698	00011	00111
chr22	43697351	00011	00111
chr22	44428772	00011	00111
chr22	44577015	00011	00111
chr22	45253862	00011	00111
chr22	45965896	00011	00111
chr22	45987019	00011	00111
chr22	47207422	00011	00111
chr22	47363899	00011	00111
chr22	47694707	00011	00111
chr22	48084006	00011	00111
chr22	48378598	00011	00111
chr22	49525367	00011	00111
chr22	49672817	00011	00111
chr22	49815071	00011	00111
chr22	50933308	00011	00111
chr22	16655722	00110	00111
chr22	18211164	00110	00111
chr22	18341431	00110	00111
chr22	18389994	00110	00111
chr22	19002695	00110	00111
chr22	19206543	00110	00111
chr22	19862226	00110	00111
chr22	19925784	00110	00111
chr22	20888753	00110	00111
chr22	21071059	00110	00111
chr22	21207030	00110	00111
chr22	21261933	00110	00111
chr22	21374913	00110	00111
chr22	22679638	00110	00111
chr22	23246800	00110	00111
chr22	23637922	00110	00111
chr22	23660671	00110	00111
chr22	23999346	00110	00111
chr22	24263703	00110	00111
chr22	24432222	00110	00111
chr22	24669751	00110	00111
chr22	25702557	00110	00111
chr22	26155359	00110	00111
chr22	26506870	00110	00111
chr22	26542614	00110	00111
chr22	26622157	00110	00111
chr22	26740139	00110	00111
chr22	26779264	00110	00111
chr22	29611131	00110	00111
chr22	30227319	00110	00111
chr22	30437508	00110	00111
chr22	30692264	00110	00111
chr22	31028674	00110	00111
chr22	31156123	00110	00111
chr22	32409404	00110	00111
chr22	32708414	00110	00111
chr22	33776351	00110	00111
chr22	33820063	00110	00111
chr22	34243394	00110	00111
chr22	34330719	00110	00111
chr22	34882960	00110	00111
chr22	34928596	00110	00111
chr22	35368914	00110	00111
chr22	35383613	00110	00111
chr22	35931237	00110	00111
chr22	36402392	00110	00111
chr22	36420499	00110	00111
chr22	37370709	00110	00111
chr22	37851033	00110	00111
chr22	41303823	00110	00111
chr22	42474735	00110	00111
chr22	42841440	00110	00111
chr22	43424803	00110	00111
chr22	44012123	00110	00111
chr22	44335969	00110	00111
chr22	45213584	00110	00111
chr22	45304098	00110	00111
chr22	46356980	00110	00111
chr22	47686438	00110	00111
chr22	48318328	00110	00111
chr22	48509757	00110	00111
chr22	50059146	00110	00111
chr22	50131279	00110	00111
chr22	18840817	00110	00110
chr22	21483485	01011	11111
chr22	21625196	01011	01011
chr22	16061992	11110	11111
chr22	16236958	11110	11111
chr22	16364923	11110	11111
chr22	16597156	11110	11111
chr22	16941074	11110	11111
chr22	17028148	11110	11111
chr22	17031581	11110	11111
chr22	17031584	11110	11111
chr22	18736464	11110	11111
chr22	18806980	11110	11111
chr22	20320655	11110	11111
chr22	20457204	11110	11111
chr22	20470617	11110	11111
chr22	21626227	11110	11111
chr22	21718264	11110	11111
chr22	21718284	11110	11111
chr22	21913160	11110	11111
chr22	22621318	11110	11111
chr22	24660074	11110	11111
chr22	25002815	11110	11111
chr22	25006710	11110	11111
chr22	25642250	11110	11111
chr22	42963183	11110	11111
chr22	42963187	11110	11111
chr22	49249195	11110	11111
chr22	49780839	11110	11111
chr22	18768197	11110	11110
chr22	18840863	11110	11110
chr22	19684423	11110	11110
chr22	20490201	11110	11110
chr22	16647946	01010	11111
chr22	22914349	01010	11111
chr22	26788624	01010	11111
chr22	30190958	01010	11111
chr22	44509392	01010	11111
chr22	45280551	01010	11111
chr22	16098694	01010	01010
chr22	16858307	01010	01010
chr22	16940883	01010	01010
chr22	17165178	01010	01010
chr22	17188490	01010	01010
chr22	17308358	01010	01010
chr22	17389924	01010	01010
chr22	17655735	01010	01010
chr22	17670747	01010	01010
chr22	17800112	01010	01010
chr22	18336525	01010	01010
chr22	18359474	01010	01010
chr22	18399236	01010	01010
chr22	18466554	01010	01010
chr22	18576848	01010	01010
chr22	18638485	01010	01010
chr22	18911603	01010	01010
chr22	18953293	01010	01010
chr22	19222276	01010	01010
chr22	19270754	01010	01010
chr22	19349556	01010	01010
chr22	19582630	01010	01010
chr22	19650235	01010	01010
chr22	19700926	01010	01010
chr22	19746476	01010	01010
chr22	19820173	01010	01010
chr22	19837459	01010	01010
chr22	19859496	01010	01010
chr22	20031954	01010	01010
chr22	20064965	01010	01010
chr22	20741788	01010	01010
chr22	20849163	01010	01010
chr22	20936627	01010	01010
chr22	20959057	01010	01010
chr22	21329864	01010	01010
chr22	21910598	01010	01010
chr22	21989350	01010	01010
chr22	22181564	01010	01010
chr22	22683085	01010	01010
chr22	22828894	01010	01010
chr22	22850296	01010	01010
chr22	23060528	01010	01010
chr22	23340501	01010	01010
chr22	23638529	01010	01010
chr22	23861902	01010	01010
chr22	24050075	01010	01010
chr22	24358295	01010	01010
chr22	24369890	01010	01010
chr22	24491143	01010	01010
chr22	24784948	01010	01010
chr22	24798094	01010	01010
chr22	25002040	01010	01010
chr22	25139331	01010	01010
chr22	25160731	01010	01010
chr22	25292609	01010	01010
chr22	25652428	01010	01010
chr22	25713914	01010	01010
chr22	25950181	01010	01010
chr22	25986743	01010	01010
chr22	26078432	01010	01010
chr22	26217498	01010	01010
chr22	26277130	01010	01010
chr22	26427471	01010	01010
chr22	26539781	01010	01010
chr22	26815085	01010	01010
chr22	26827081	01010	01010
chr22	26937698	01010	01010
chr22	27037526	01010	01010
chr22	27113994	01010	01010
chr22	27218639	01010	01010
chr22	27367772	01010	01010
chr22	27478393	01010	01010
chr22	27661348	01010	01010
chr22	27670957	01010	01010
chr22	27727079	01010	01010
chr22	27766180	01010	01010
chr22	28087520	01010	01010
chr22	28162106	01010	01010
chr22	28220525	01010	01010
chr22	28285624	01010	01010
chr22	28713099	01010	01010
chr22	28810330	01010	01010
chr22	28886903	01010	01010
chr22	29280475	01010	01010
chr22	29513779	01010	01010
chr22	29694177	01010	01010
chr22	29722731	01010	01010
chr22	29748878	01010	01010
chr22	29912229	01010	01010
chr22	30255160	01010	01010
chr22	30419934	01010	01010
chr22	30508820	01010	01010
chr22	30588587	01010	01010
chr22	30630956	01010	01010
chr22	30762985	01010	01010
chr22	30848890	01010	01010
chr22	30908989	01010	01010
chr22	31013686	01010	01010
chr22	31056104	01010	01010
chr22	31060658	01010	01010
chr22	31110596	01010	01010
chr22	31190721	01010	01010
chr22	31357644	01010	01010
chr22	31521842	01010	01010
chr22	31599780	01010	01010
chr22	31695279	01010	01010
chr22	31807111	01010	01010
chr22	31816732	01010	01010
chr22	31970059	01010	01010
chr22	32006978	01010	01010
chr22	32325617	01010	01010
chr22	32384575	01010	01010
chr22	32618520	01010	01010
chr22	32751268	01010	01010
chr22	32817939	01010	01010
chr22	32977285	01010	01010
chr22	33152730	01010	01010
chr22	33312684	01010	01010
chr22	33389070	01010	01010
chr22	33762211	01010	01010
chr22	33826384	01010	01010
chr22	33835571	01010	01010
chr22	33884731	01010	01010
chr22	33890604	01010	01010
chr22	33946720	01010	01010
chr22	33981875	01010	01010
chr22	33992946	01010	01010
chr22	34027566	01010	01010
chr22	34049939	01010	01010
chr22	34219116	01010	01010
chr22	34476553	01010	01010
chr22	34753452	01010	01010
chr22	34768825	01010	01010
chr22	34902562	01010	01010
chr22	35375191	01010	01010
chr22	35397220	01010	01010
chr22	35473918	01010	01010
chr22	35509319	01010	01010
chr22	35662713	01010	01010
chr22	35699752	01010	01010
chr22	35716816	01010	01010
chr22	35952159	01010	01010
chr22	36031163	01010	01010
chr22	36094495	01010	01010
chr22	36474138	01010	01010
chr22	36935218	01010	01010
chr22	37009925	01010	01010
chr22	37282540	01010	01010
chr22	37321260	01010	01010
chr22	37484045	01010	01010
chr22	37488935	01010	01010
chr22	37506984	01010	01010
chr22	37583337	01010	01010
chr22	37607542	01010	01010
chr22	37789897	01010	01010
chr22	37828928	01010	01010
chr22	38021081	01010	01010
chr22	38211157	01010	01010
chr22	38218584	01010	01010
chr22	38534208	01010	01010
chr22	38565307	01010	01010
chr22	38631782	01010	01010
chr22	38638590	01010	01010
chr22	38874222	01010	01010
chr22	38980323	01010	01010
chr22	39070757	01010	01010
chr22	39129868	01010	01010
chr22	39268632	01010	01010
chr22	39514384	01010	01010
chr22	39737429	01010	01010
chr22	39838061	01010	01010
chr22	39877922	01010	01010
chr22	39977483	01010	01010
chr22	39996406	01010	01010
chr22	40054159	01010	01010
chr22	40188958	01010	01010
chr22	40336753	01010	01010
chr22	40470251	01010	01010
chr22	40707598	01010	01010
chr22	40733448	01010	01010
chr22	40942478	01010	01010
chr22	40992665	01010	01010
chr22	41117367	01010	01010
chr22	41138543	01010	01010
chr22	41391938	01010	01010
chr22	41689040	01010	01010
chr22	42190085	01010	01010
chr22	42401546	01010	01010
chr22	42401669	01010	01010
chr22	42434684	01010	01010
chr22	42483484	01010	01010
chr22	42484805	01010	01010
chr22	42674713	01010	01010
chr22	42684359	01010	01010
chr22	43156023	01010	01010
chr22	43260570	01010	01010
chr22	43296574	01010	01010
chr22	43638280	01010	01010
chr22	43719286	01010	01010
chr22	44275721	01010	01010
chr22	44358396	01010	01010
chr22	44606854	01010	01010
chr22	44721881	01010	01010
chr22	45036062	01010	01010
chr22	45613106	01010	01010
chr22	45659073	01010	01010
chr22	45690850	01010	01010
chr22	45719074	01010	01010
chr22	45860956	01010	01010
chr22	45919506	01010	01010
chr22	46051150	01010	01010
chr22	46290006	01010	01010
chr22	46450912	01010	01010
chr22	46537516	01010	01010
chr22	46642342	01010	01010
chr22	46659697	01010	01010
chr22	46833456	01010	01010
chr22	46848842	01010	01010
chr22	47042679	01010	01010
chr22	47275007	01010	01010
chr22	47429133	01010	01010
chr22	47445376	01010	01010
chr22	47618311	01010	01010
chr22	47621912	01010	01010
chr22	47686242	01010	01010
chr22	47756915	01010	01010
chr22	47824675	01010	01010
chr22	47893328	01010	01010
chr22	48014188	01010	01010
chr22	48073185	01010	01010
chr22	48111741	01010	01010
chr22	48250465	01010	01010
chr22	48753415	01010	01010
chr22	48850420	01010	01010
chr22	49042345	01010	01010
chr22	49050140	01010	01010
chr22	49083400	01010	01010
chr22	49122348	01010	01010
chr22	49254839	01010	01010
chr22	49351579	01010	01010
chr22	49451286	01010	01010
chr22	49582840	01010	01010
chr22	49679925	01010	01010
chr22	50131150	01010	01010
chr22	50187214	01010	01010
chr22	50195092	01010	01010
chr22	50329681	01010	01010
chr22	50337819	01010	01010
chr22	50359043	01010	01010
chr22	50472931	01010	01010
chr22	50856292	01010	01010
chr22	50885303	01010	01010
chr22	50888340	01010	01010
chr22	51116778	01010	01010
chr22	51210997	01010	01010
chr22	21718239	10110	11111
chr22	16302297	11000	11111
chr22	21515683	01101	11111
chr22	43030870	01101	11111
chr22	47293811	01101	11111
chr22	49074954	01101	11111
chr22	51227891	01101	11111
chr22	25336718	01101	01101
chr22	51118478	01101	01101
chr22	16078974	10111	11111
chr22	16098314	10111	11111
chr22	16320235	10111	11111
chr22	16507651	10111	11111
chr22	16649937	10111	11111
chr22	17358260	10111	11111
chr22	17374498	10111	11111
chr22	19947346	10111	11111
chr22	20291481	10111	11111
chr22	20354198	10111	11111
chr22	21050417	10111	11111
chr22	21570790	10111	11111
chr22	24692619	10111	11111
chr22	25043619	10111	11111
chr22	45724132	10111	11111
chr22	49122311	10111	11111
chr22	51211980	10111	11111
chr22	51216679	10111	11111
chr22	18841931	10111	10111
chr22	21665168	10111	10111
chr22	16205497	01001	11111
chr22	24009879	10011	11111
chr22	48875229	10011	11111
chr22	49132199	10011	11111
chr22	51121148	10011	10011
chr22	16345547	10101	11111
chr22	19022175	10101	11111
chr22	20626695	10101	11111
chr22	31780464	10101	11111
chr22	18823772	10101	10101
chr22	22914345	01110	11111
chr22	36131201	01110	11111
chr22	48648081	01110	11111
chr22	16081329	01111	11111
chr22	16210642	01111	11111
chr22	16365289	01111	11111
chr22	16406130	01111	11111
chr22	16546581	01111	11111
chr22	16909454	01111	11111
chr22	16914473	01111	11111
chr22	17036798	01111	11111
chr22	17373956	01111	11111
chr22	18775424	01111	11111
chr22	18843741	01111	11111
chr22	20346278	01111	11111
chr22	20486571	01111	11111
chr22	21038134	01111	11111
chr22	21720452	01111	11111
chr22	22238305	01111	11111
chr22	22620837	01111	11111
chr22	22991257	01111	11111
chr22	31780625	01111	11111
chr22	33339736	01111	11111
chr22	35563729	01111	11111
chr22	35888210	01111	11111
chr22	48648411	01111	11111
chr22	16681678	01111	01111
