-----
Chromosome	Location	Original Code	New Code
-----
chr22	16208767	11100	11111
chr22	22980270	11100	11111
chr22	25022677	11100	11111
chr22	44509392	11100	11111
chr22	16208762	11101	11111
chr22	16236958	11101	11111
chr22	16250790	11101	11111
chr22	16365117	11101	11111
chr22	16540035	11101	11111
chr22	16614145	11101	11111
chr22	16875292	11101	11111
chr22	16898206	11101	11111
chr22	16951704	11101	11111
chr22	18831620	11101	11111
chr22	18836601	11101	11111
chr22	19947361	11101	11111
chr22	20627980	11101	11111
chr22	20727332	11101	11111
chr22	21044663	11101	11111
chr22	21050417	11101	11111
chr22	21050418	11101	11111
chr22	21720452	11101	11111
chr22	22620837	11101	11111
chr22	22991257	11101	11111
chr22	23680589	11101	11111
chr22	24014049	11101	11111
chr22	24655282	11101	11111
chr22	25065795	11101	11111
chr22	37496460	11101	11111
chr22	49074933	11101	11111
chr22	16210881	11101	11101
chr22	24654059	11101	11101
chr22	44510591	11101	11101
chr22	17346316	00101	00111
chr22	19014709	00101	00111
chr22	19328300	00101	00111
chr22	19719469	00101	00111
chr22	21718120	00101	00111
chr22	24659622	00101	00111
chr22	24673494	00101	00111
chr22	27683723	00101	00111
chr22	27883766	00101	00111
chr22	28743541	00101	00111
chr22	37067141	00101	00111
chr22	39195412	00101	00111
chr22	40767599	00101	00111
chr22	44600102	00101	00111
chr22	45748386	00101	00111
chr22	46083224	00101	00111
chr22	48996303	00101	00111
chr22	50541379	00101	00111
chr22	49074977	10001	11111
chr22	49074978	10001	11111
chr22	31846828	10001	10001
chr22	31846830	10001	10001
chr22	18805864	11010	11111
chr22	16210642	11010	11010
chr22	19688483	11010	11010
chr22	16078974	11011	11111
chr22	16223418	11011	11111
chr22	16251281	11011	11111
chr22	16320235	11011	11111
chr22	16340551	11011	11111
chr22	16387131	11011	11111
chr22	16399783	11011	11111
chr22	16695829	11011	11111
chr22	16696591	11011	11111
chr22	17360441	11011	11111
chr22	17374498	11011	11111
chr22	17499030	11011	11111
chr22	18655607	11011	11111
chr22	18841931	11011	11111
chr22	18843741	11011	11111
chr22	18848106	11011	11111
chr22	19022175	11011	11111
chr22	20354187	11011	11111
chr22	20394526	11011	11111
chr22	20470617	11011	11111
chr22	20486571	11011	11111
chr22	21066942	11011	11111
chr22	21470346	11011	11111
chr22	21718250	11011	11111
chr22	23669878	11011	11111
chr22	25002815	11011	11111
chr22	25663036	11011	11111
chr22	31986132	11011	11111
chr22	42905055	11011	11111
chr22	51118478	11011	11111
chr22	51220848	11011	11111
chr22	51224899	11011	11111
chr22	51227891	11011	11111
chr22	16113372	11011	11011
chr22	16437374	11011	11011
chr22	18823741	11011	11011
chr22	18823772	11011	11011
chr22	16250862	11001	11111
chr22	20502333	11001	11111
chr22	21549028	11001	11111
chr22	16661501	11001	11001
chr22	48981270	11001	11001
chr22	18725607	00110	00111
chr22	21071059	00110	00111
chr22	23736757	00110	00111
chr22	25245685	00110	00111
chr22	27246059	00110	00111
chr22	30288359	00110	00111
chr22	32761128	00110	00111
chr22	37868120	00110	00111
chr22	39535531	00110	00111
chr22	41076445	00110	00111
chr22	43825136	00110	00111
chr22	45302933	00110	00111
chr22	45724050	00110	00111
chr22	49291515	00110	00111
chr22	50455091	00110	00111
chr22	50830787	00110	00110
chr22	16104668	01011	01111
chr22	16649937	01011	01111
chr22	16984522	01011	01111
chr22	17188986	01011	01111
chr22	18033729	01011	01111
chr22	19398402	01011	01111
chr22	23482344	01011	01111
chr22	23505843	01011	01111
chr22	27755416	01011	01111
chr22	27944772	01011	01111
chr22	28153841	01011	01111
chr22	33546568	01011	01111
chr22	36840242	01011	01111
chr22	41584615	01011	01111
chr22	43280498	01011	01111
chr22	43519205	01011	01111
chr22	45374576	01011	01111
chr22	48220052	01011	01111
chr22	48236165	01011	01111
chr22	17421489	01011	01011
chr22	17860447	01011	01011
chr22	17903989	01011	01011
chr22	18090675	01011	01011
chr22	18222752	01011	01011
chr22	18572472	01011	01011
chr22	19701912	01011	01011
chr22	20104113	01011	01011
chr22	20352965	01011	01011
chr22	21265904	01011	01011
chr22	22111227	01011	01011
chr22	22440893	01011	01011
chr22	23499448	01011	01011
chr22	23531353	01011	01011
chr22	24969826	01011	01011
chr22	24990824	01011	01011
chr22	26397940	01011	01011
chr22	27792477	01011	01011
chr22	28242217	01011	01011
chr22	29190606	01011	01011
chr22	29414771	01011	01011
chr22	29559925	01011	01011
chr22	30020476	01011	01011
chr22	31150305	01011	01011
chr22	32441429	01011	01011
chr22	34680248	01011	01011
chr22	36774509	01011	01011
chr22	37004188	01011	01011
chr22	38775304	01011	01011
chr22	38783478	01011	01011
chr22	38949510	01011	01011
chr22	38957690	01011	01011
chr22	39237948	01011	01011
chr22	39246127	01011	01011
chr22	39248169	01011	01011
chr22	39881763	01011	01011
chr22	40103420	01011	01011
chr22	40417694	01011	01011
chr22	41136643	01011	01011
chr22	41711212	01011	01011
chr22	42773683	01011	01011
chr22	43448470	01011	01011
chr22	44318542	01011	01011
chr22	44346666	01011	01011
chr22	44413381	01011	01011
chr22	44487935	01011	01011
chr22	46198681	01011	01011
chr22	46377391	01011	01011
chr22	48532475	01011	01011
chr22	48540971	01011	01011
chr22	49202323	01011	01011
chr22	49569325	01011	01011
chr22	49678397	01011	01011
chr22	50000194	01011	01011
chr22	50269076	01011	01011
chr22	50441278	01011	01011
chr22	50572703	01011	01011
chr22	22914345	01100	01100
chr22	16081329	11110	11111
chr22	16352240	11110	11111
chr22	16365289	11110	11111
chr22	16546581	11110	11111
chr22	16909454	11110	11111
chr22	16914473	11110	11111
chr22	16973059	11110	11111
chr22	16990392	11110	11111
chr22	17031420	11110	11111
chr22	17031421	11110	11111
chr22	18752145	11110	11111
chr22	18789625	11110	11111
chr22	18844942	11110	11111
chr22	20449216	11110	11111
chr22	23247665	11110	11111
chr22	25048768	11110	11111
chr22	25071320	11110	11111
chr22	26002137	11110	11111
chr22	35563729	11110	11111
chr22	38120429	11110	11111
chr22	38781082	11110	11111
chr22	42963183	11110	11111
chr22	44509903	11110	11111
chr22	45724132	11110	11111
chr22	47001910	11110	11111
chr22	48648411	11110	11111
chr22	50585962	11110	11111
chr22	51121171	11110	11111
chr22	51187063	11110	11111
chr22	51216679	11110	11111
chr22	16208651	11110	11110
chr22	19688482	11110	11110
chr22	21626214	11110	11110
chr22	43202339	11110	11110
chr22	28543257	01010	01111
chr22	43161842	01010	01111
chr22	48208190	01010	01111
chr22	19750630	01010	01010
chr22	20263793	01010	01010
chr22	20911286	01010	01010
chr22	21056680	01010	01010
chr22	22122023	01010	01010
chr22	22125193	01010	01010
chr22	23479253	01010	01010
chr22	24392157	01010	01010
chr22	26510290	01010	01010
chr22	26864868	01010	01010
chr22	27031196	01010	01010
chr22	29638365	01010	01010
chr22	39510185	01010	01010
chr22	41128496	01010	01010
chr22	43880858	01010	01010
chr22	46440188	01010	01010
chr22	48304807	01010	01010
chr22	17373889	10110	11111
chr22	19684429	10110	11111
chr22	44510539	10110	11111
chr22	20626695	10110	10110
chr22	21063672	11000	11111
chr22	16055252	11000	11000
chr22	16449079	11000	11000
chr22	17106306	11000	11000
chr22	17216431	11000	11000
chr22	18257503	11000	11000
chr22	18383843	11000	11000
chr22	18406151	11000	11000
chr22	19294822	11000	11000
chr22	19390743	11000	11000
chr22	19421141	11000	11000
chr22	19592248	11000	11000
chr22	20857801	11000	11000
chr22	20943839	11000	11000
chr22	21934432	11000	11000
chr22	21956123	11000	11000
chr22	22617093	11000	11000
chr22	22850182	11000	11000
chr22	22870594	11000	11000
chr22	24153436	11000	11000
chr22	24499179	11000	11000
chr22	25121660	11000	11000
chr22	25336700	11000	11000
chr22	25336704	11000	11000
chr22	25399174	11000	11000
chr22	25463836	11000	11000
chr22	25643155	11000	11000
chr22	26158054	11000	11000
chr22	27169329	11000	11000
chr22	28265221	11000	11000
chr22	29427166	11000	11000
chr22	29488521	11000	11000
chr22	29853964	11000	11000
chr22	30064494	11000	11000
chr22	30133076	11000	11000
chr22	31110620	11000	11000
chr22	31606010	11000	11000
chr22	31749599	11000	11000
chr22	32141323	11000	11000
chr22	32378143	11000	11000
chr22	32626170	11000	11000
chr22	32670041	11000	11000
chr22	32989785	11000	11000
chr22	33306817	11000	11000
chr22	33630730	11000	11000
chr22	33933259	11000	11000
chr22	33942099	11000	11000
chr22	34027474	11000	11000
chr22	34081484	11000	11000
chr22	34999945	11000	11000
chr22	35611662	11000	11000
chr22	35921552	11000	11000
chr22	36071212	11000	11000
chr22	37251940	11000	11000
chr22	37858699	11000	11000
chr22	38546529	11000	11000
chr22	38682810	11000	11000
chr22	39111593	11000	11000
chr22	39351819	11000	11000
chr22	39748939	11000	11000
chr22	40921196	11000	11000
chr22	40952735	11000	11000
chr22	41972126	11000	11000
chr22	42367795	11000	11000
chr22	42428238	11000	11000
chr22	42527528	11000	11000
chr22	43235048	11000	11000
chr22	43317778	11000	11000
chr22	43548801	11000	11000
chr22	44397960	11000	11000
chr22	46134571	11000	11000
chr22	46567399	11000	11000
chr22	47064405	11000	11000
chr22	47646471	11000	11000
chr22	48307776	11000	11000
chr22	48885648	11000	11000
chr22	50215588	11000	11000
chr22	51210326	11000	11000
chr22	16394113	01101	01111
chr22	24750202	01101	01111
chr22	28859890	01101	01111
chr22	32826946	01101	01111
chr22	40968881	01101	01111
chr22	45280557	01101	01111
chr22	46360922	01101	01111
chr22	48831678	01101	01111
chr22	50467481	01101	01111
chr22	16347827	10111	11111
chr22	16364901	10111	11111
chr22	16647946	10111	11111
chr22	16874745	10111	11111
chr22	17037188	10111	11111
chr22	18774869	10111	11111
chr22	18801179	10111	11111
chr22	18802480	10111	11111
chr22	19947341	10111	11111
chr22	19947347	10111	11111
chr22	20322687	10111	11111
chr22	20377592	10111	11111
chr22	20394502	10111	11111
chr22	21635607	10111	11111
chr22	21732051	10111	11111
chr22	22624693	10111	11111
chr22	22982363	10111	11111
chr22	24651330	10111	11111
chr22	24657529	10111	11111
chr22	35887894	10111	11111
chr22	42911257	10111	11111
chr22	42967403	10111	11111
chr22	46312182	10111	11111
chr22	46378906	10111	11111
chr22	50607268	10111	11111
chr22	16409394	10111	10111
chr22	21665168	10111	10111
chr22	32695314	10111	10111
chr22	18787128	01001	01111
chr22	24323878	01001	01111
chr22	43470957	01001	01111
chr22	17073790	01001	01001
chr22	17232037	01001	01001
chr22	18079756	01001	01001
chr22	18576735	01001	01001
chr22	19334509	01001	01001
chr22	20995807	01001	01001
chr22	21642033	01001	01001
chr22	22388878	01001	01001
chr22	24280601	01001	01001
chr22	24520012	01001	01001
chr22	26070144	01001	01001
chr22	26114864	01001	01001
chr22	26154340	01001	01001
chr22	27095227	01001	01001
chr22	27756282	01001	01001
chr22	27845202	01001	01001
chr22	28061994	01001	01001
chr22	28808526	01001	01001
chr22	32267231	01001	01001
chr22	32356094	01001	01001
chr22	32402746	01001	01001
chr22	32770374	01001	01001
chr22	35805366	01001	01001
chr22	35858287	01001	01001
chr22	35928479	01001	01001
chr22	36012387	01001	01001
chr22	36325121	01001	01001
chr22	37158856	01001	01001
chr22	37457201	01001	01001
chr22	39256348	01001	01001
chr22	39429957	01001	01001
chr22	39575119	01001	01001
chr22	39691291	01001	01001
chr22	40637887	01001	01001
chr22	41192713	01001	01001
chr22	41940588	01001	01001
chr22	42263862	01001	01001
chr22	42567971	01001	01001
chr22	43536576	01001	01001
chr22	43941245	01001	01001
chr22	44151854	01001	01001
chr22	44208913	01001	01001
chr22	45920164	01001	01001
chr22	47502343	01001	01001
chr22	47685411	01001	01001
chr22	48051267	01001	01001
chr22	50575025	01001	01001
chr22	50929304	01001	01001
chr22	50969999	01001	01001
chr22	51140607	01001	01001
chr22	16655722	10011	11111
chr22	21066930	10011	11111
chr22	43030870	10011	11111
chr22	48648081	10011	11111
chr22	49063919	10011	11111
chr22	21602657	10100	11111
chr22	48875229	10100	11111
chr22	16347639	10101	11111
chr22	23653189	10101	10101
chr22	16507651	01110	01111
chr22	18787761	01110	01111
chr22	26610108	01110	01111
chr22	48288350	01110	01111
