-----
Chromosome	Location	Original Code	New Code
-----
chr22	16210642	11100	11111
chr22	18752106	11100	11111
chr22	18841052	11100	11111
chr22	25920066	11100	11111
chr22	49074978	11100	11111
chr22	51118478	11100	11111
chr22	16208756	11101	11111
chr22	16208762	11101	11111
chr22	16208767	11101	11111
chr22	16229769	11101	11111
chr22	16296580	11101	11111
chr22	16302337	11101	11111
chr22	16409275	11101	11111
chr22	16661659	11101	11111
chr22	18775018	11101	11111
chr22	18863659	11101	11111
chr22	21066930	11101	11111
chr22	21515683	11101	11111
chr22	21554218	11101	11111
chr22	21735049	11101	11111
chr22	24009444	11101	11111
chr22	24010477	11101	11111
chr22	25901884	11101	11111
chr22	35888203	11101	11111
chr22	35888210	11101	11111
chr22	42905409	11101	11111
chr22	43475137	11101	11111
chr22	49258245	11101	11111
chr22	51227891	11101	11111
chr22	16552593	11101	11101
chr22	21049094	11101	11101
chr22	19212620	00101	00111
chr22	19473777	00101	00111
chr22	21092587	00101	00111
chr22	25150595	00101	00111
chr22	25909707	00101	00111
chr22	26587833	00101	00111
chr22	26742533	00101	00111
chr22	28208611	00101	00111
chr22	28533209	00101	00111
chr22	39270019	00101	00111
chr22	39862026	00101	00111
chr22	40654932	00101	00111
chr22	41040278	00101	00111
chr22	41716461	00101	00111
chr22	45156968	00101	00111
chr22	47360499	00101	00111
chr22	47816766	00101	00111
chr22	18769970	00101	00101
chr22	16236958	11010	11111
chr22	21626227	11010	11111
chr22	49951798	11010	11111
chr22	22970974	11010	11010
chr22	16387795	11011	11111
chr22	16953044	11011	11111
chr22	17031584	11011	11111
chr22	17358260	11011	11111
chr22	18802480	11011	11111
chr22	19022182	11011	11111
chr22	19684423	11011	11111
chr22	19947341	11011	11111
chr22	19947347	11011	11111
chr22	20298581	11011	11111
chr22	20501608	11011	11111
chr22	21505702	11011	11111
chr22	21520872	11011	11111
chr22	38626165	11011	11111
chr22	19022175	11011	11011
chr22	22979131	11011	11011
chr22	25049562	11011	11011
chr22	36131201	11011	11011
chr22	50066435	11011	11011
chr22	17960031	00011	00111
chr22	18046423	00011	00111
chr22	18558717	00011	00111
chr22	19080934	00011	00111
chr22	19206059	00011	00111
chr22	19392559	00011	00111
chr22	19440349	00011	00111
chr22	23505254	00011	00111
chr22	24323878	00011	00111
chr22	24849339	00011	00111
chr22	24966245	00011	00111
chr22	26348867	00011	00111
chr22	28683725	00011	00111
chr22	29053516	00011	00111
chr22	29834961	00011	00111
chr22	30167238	00011	00111
chr22	31780473	00011	00111
chr22	31780474	00011	00111
chr22	34844966	00011	00111
chr22	35425557	00011	00111
chr22	35809054	00011	00111
chr22	35942159	00011	00111
chr22	36375699	00011	00111
chr22	36743140	00011	00111
chr22	40233577	00011	00111
chr22	40582711	00011	00111
chr22	41421946	00011	00111
chr22	41697688	00011	00111
chr22	43587176	00011	00111
chr22	46165515	00011	00111
chr22	46686716	00011	00111
chr22	49541816	00011	00111
chr22	49650586	00011	00111
chr22	49728935	00011	00111
chr22	49777322	00011	00111
chr22	16946210	00011	00011
chr22	17524030	00011	00011
chr22	17664244	00011	00011
chr22	19440208	00011	00011
chr22	19806281	00011	00011
chr22	21736643	00011	00011
chr22	22168501	00011	00011
chr22	22531176	00011	00011
chr22	22554720	00011	00011
chr22	22594554	00011	00011
chr22	23016750	00011	00011
chr22	23074948	00011	00011
chr22	24214870	00011	00011
chr22	24263781	00011	00011
chr22	24368074	00011	00011
chr22	24929455	00011	00011
chr22	25063461	00011	00011
chr22	25074416	00011	00011
chr22	25595256	00011	00011
chr22	25825373	00011	00011
chr22	26609800	00011	00011
chr22	26793570	00011	00011
chr22	27512741	00011	00011
chr22	27772898	00011	00011
chr22	28012885	00011	00011
chr22	28112180	00011	00011
chr22	28226406	00011	00011
chr22	28591924	00011	00011
chr22	28928946	00011	00011
chr22	29714308	00011	00011
chr22	29756278	00011	00011
chr22	30128653	00011	00011
chr22	30339956	00011	00011
chr22	30606534	00011	00011
chr22	31535421	00011	00011
chr22	31571771	00011	00011
chr22	31674721	00011	00011
chr22	31759052	00011	00011
chr22	31893897	00011	00011
chr22	32450826	00011	00011
chr22	33097385	00011	00011
chr22	33399315	00011	00011
chr22	33412237	00011	00011
chr22	33737123	00011	00011
chr22	33960466	00011	00011
chr22	34329720	00011	00011
chr22	35095277	00011	00011
chr22	35359709	00011	00011
chr22	35421619	00011	00011
chr22	35864317	00011	00011
chr22	36068335	00011	00011
chr22	36183336	00011	00011
chr22	36498330	00011	00011
chr22	37141268	00011	00011
chr22	39901975	00011	00011
chr22	39976183	00011	00011
chr22	40067096	00011	00011
chr22	40498177	00011	00011
chr22	41098759	00011	00011
chr22	41448128	00011	00011
chr22	41533705	00011	00011
chr22	41610208	00011	00011
chr22	41897750	00011	00011
chr22	42106971	00011	00011
chr22	42126868	00011	00011
chr22	42925049	00011	00011
chr22	43048480	00011	00011
chr22	43076672	00011	00011
chr22	43135223	00011	00011
chr22	44404899	00011	00011
chr22	44846569	00011	00011
chr22	47221085	00011	00011
chr22	47379537	00011	00011
chr22	47456186	00011	00011
chr22	48475614	00011	00011
chr22	49694888	00011	00011
chr22	50787557	00011	00011
chr22	50916298	00011	00011
chr22	51051109	00011	00011
chr22	16302297	11001	11111
chr22	16406130	11001	11111
chr22	19684429	11001	11111
chr22	20449216	11001	11111
chr22	25022677	11001	11111
chr22	32846128	11001	11111
chr22	47255448	11001	11111
chr22	49132199	11001	11111
chr22	50066487	11001	11001
chr22	51123920	10010	11111
chr22	17373889	10010	10010
chr22	20856226	10010	10010
chr22	16384639	01011	11111
chr22	18791458	01011	11111
chr22	21718120	01011	11111
chr22	44510539	01011	11111
chr22	16099957	01100	11111
chr22	21571677	01100	11111
chr22	47293811	01100	11111
chr22	25336700	01100	01100
chr22	25336704	01100	01100
chr22	25336718	01100	01100
chr22	16083573	11110	11111
chr22	16251281	11110	11111
chr22	16352240	11110	11111
chr22	16354754	11110	11111
chr22	16364923	11110	11111
chr22	16512018	11110	11111
chr22	17005101	11110	11111
chr22	17030334	11110	11111
chr22	17036798	11110	11111
chr22	17374498	11110	11111
chr22	18728211	11110	11111
chr22	18752095	11110	11111
chr22	20490447	11110	11111
chr22	21548497	11110	11111
chr22	21683651	11110	11111
chr22	25065777	11110	11111
chr22	34950070	11110	11111
chr22	38787689	11110	11111
chr22	38787703	11110	11111
chr22	49036835	11110	11111
chr22	51215028	11110	11111
chr22	51229495	11110	11111
chr22	18779975	11110	11110
chr22	18780549	11110	11110
chr22	20329415	11110	11110
chr22	44509392	11110	11110
chr22	16288255	10110	11111
chr22	18835298	10110	11111
chr22	24369327	10110	11111
chr22	47000916	10110	11111
chr22	26823464	10110	10110
chr22	16365117	01101	11111
chr22	16546581	01101	11111
chr22	21720452	01101	11111
chr22	49209303	01101	11111
chr22	16319620	10111	11111
chr22	16649937	10111	11111
chr22	16925866	10111	11111
chr22	16956913	10111	11111
chr22	16973059	10111	11111
chr22	16973063	10111	11111
chr22	16990407	10111	11111
chr22	18774367	10111	11111
chr22	18775424	10111	11111
chr22	18787761	10111	11111
chr22	18929913	10111	11111
chr22	20320242	10111	11111
chr22	20394526	10111	11111
chr22	20652065	10111	11111
chr22	21044631	10111	11111
chr22	21044637	10111	11111
chr22	21662663	10111	11111
chr22	35563729	10111	11111
chr22	38120429	10111	11111
chr22	39386819	10111	11111
chr22	39446528	10111	11111
chr22	42905055	10111	11111
chr22	49793383	10111	11111
chr22	50467610	10111	11111
chr22	50746656	10111	11111
chr22	16585233	10111	10111
chr22	18823741	10111	10111
chr22	20320229	10111	10111
chr22	20327321	10111	10111
chr22	21665168	10111	10111
chr22	47255567	10111	10111
chr22	45140591	01001	11111
chr22	42563529	01001	01001
chr22	16990392	10011	11111
chr22	17373956	10011	11111
chr22	17374102	10011	11111
chr22	20298220	10011	11111
chr22	20706869	10011	11111
chr22	45724132	10011	10011
chr22	31780464	10101	11111
chr22	25002815	01110	11111
chr22	16104288	01111	11111
chr22	16340551	01111	11111
chr22	16347827	01111	11111
chr22	18836501	01111	11111
chr22	18836515	01111	11111
chr22	18844942	01111	11111
chr22	18951173	01111	11111
chr22	19014382	01111	11111
chr22	19021819	01111	11111
chr22	20449100	01111	11111
chr22	20502333	01111	11111
chr22	21570790	01111	11111
chr22	21586643	01111	11111
chr22	21602657	01111	11111
chr22	22309730	01111	11111
chr22	22991257	01111	11111
chr22	24010403	01111	11111
chr22	25071320	01111	11111
chr22	25697952	01111	11111
chr22	44698803	01111	11111
chr22	48648081	01111	11111
chr22	48648411	01111	11111
chr22	51220848	01111	11111
