-----
Chromosome	Location	Original Code	New Code
-----
chr22	16494473	11100	11111
chr22	21718239	11100	11111
chr22	22970974	11100	11111
chr22	25642250	11100	11111
chr22	25642251	11100	11111
chr22	16061992	11101	11111
chr22	16319620	11101	11111
chr22	16340551	11101	11111
chr22	16345547	11101	11111
chr22	16364490	11101	11111
chr22	16656028	11101	11111
chr22	16952978	11101	11111
chr22	16973059	11101	11111
chr22	16973063	11101	11111
chr22	17374498	11101	11111
chr22	18831620	11101	11111
chr22	18844942	11101	11111
chr22	18929913	11101	11111
chr22	20298220	11101	11111
chr22	20324038	11101	11111
chr22	20490447	11101	11111
chr22	21494149	11101	11111
chr22	21515683	11101	11111
chr22	21602657	11101	11111
chr22	25022677	11101	11111
chr22	25065777	11101	11111
chr22	25065795	11101	11111
chr22	25902672	11101	11111
chr22	35564635	11101	11111
chr22	47000761	11101	11111
chr22	51118478	11101	11111
chr22	16138434	00101	00111
chr22	16291763	00101	00111
chr22	16889027	00101	00111
chr22	17542324	00101	00111
chr22	17595195	00101	00111
chr22	19821582	00101	00111
chr22	21588606	00101	00111
chr22	21718261	00101	00111
chr22	22255289	00101	00111
chr22	23190880	00101	00111
chr22	26593998	00101	00111
chr22	26732302	00101	00111
chr22	26795270	00101	00111
chr22	27348448	00101	00111
chr22	27458302	00101	00111
chr22	27524105	00101	00111
chr22	28053494	00101	00111
chr22	30449319	00101	00111
chr22	32201200	00101	00111
chr22	32791338	00101	00111
chr22	33505773	00101	00111
chr22	34892930	00101	00111
chr22	35311425	00101	00111
chr22	35996133	00101	00111
chr22	36179098	00101	00111
chr22	37279229	00101	00111
chr22	38043769	00101	00111
chr22	38572902	00101	00111
chr22	41195354	00101	00111
chr22	41361150	00101	00111
chr22	42688248	00101	00111
chr22	42933438	00101	00111
chr22	43297125	00101	00111
chr22	43837357	00101	00111
chr22	44889265	00101	00111
chr22	46019363	00101	00111
chr22	46113697	00101	00111
chr22	46195543	00101	00111
chr22	46315117	00101	00111
chr22	46720177	00101	00111
chr22	47066592	00101	00111
chr22	47268103	00101	00111
chr22	48780859	00101	00111
chr22	49793932	00101	00111
chr22	49850177	00101	00111
chr22	50232795	00101	00111
chr22	50808015	00101	00111
chr22	17647877	00101	00101
chr22	18979630	00101	00101
chr22	19769879	00101	00101
chr22	19905591	00101	00101
chr22	20271105	00101	00101
chr22	21106604	00101	00101
chr22	21745227	00101	00101
chr22	22207105	00101	00101
chr22	22711036	00101	00101
chr22	23200467	00101	00101
chr22	25027770	00101	00101
chr22	25035899	00101	00101
chr22	26406150	00101	00101
chr22	27312502	00101	00101
chr22	27384136	00101	00101
chr22	27855496	00101	00101
chr22	28263698	00101	00101
chr22	28633662	00101	00101
chr22	30207015	00101	00101
chr22	30401136	00101	00101
chr22	32362938	00101	00101
chr22	32566197	00101	00101
chr22	34591806	00101	00101
chr22	34639065	00101	00101
chr22	34762014	00101	00101
chr22	35621657	00101	00101
chr22	35857890	00101	00101
chr22	35962022	00101	00101
chr22	37156842	00101	00101
chr22	38205548	00101	00101
chr22	40758025	00101	00101
chr22	41565350	00101	00101
chr22	42352799	00101	00101
chr22	43975034	00101	00101
chr22	44882549	00101	00101
chr22	45227356	00101	00101
chr22	45976654	00101	00101
chr22	48316255	00101	00101
chr22	50764419	00101	00101
chr22	50811656	00101	00101
chr22	19684423	11010	11111
chr22	20501608	11010	11111
chr22	49233160	11010	11010
chr22	16236958	11011	11111
chr22	16655144	11011	11111
chr22	16661840	11011	11111
chr22	17360441	11011	11111
chr22	18823741	11011	11111
chr22	19947346	11011	11111
chr22	19947347	11011	11111
chr22	20320242	11011	11111
chr22	20470617	11011	11111
chr22	21636129	11011	11111
chr22	21684367	11011	11111
chr22	21725733	11011	11111
chr22	24651927	11011	11111
chr22	24651963	11011	11111
chr22	25002815	11011	11111
chr22	32846128	11011	11111
chr22	38735863	11011	11111
chr22	44509392	11011	11111
chr22	48981270	11011	11111
chr22	16661856	11011	11011
chr22	18789625	11011	11011
chr22	20652065	11011	11011
chr22	51121171	11011	11011
chr22	20449100	11001	11111
chr22	49122311	11001	11111
chr22	49951798	11001	11111
chr22	20465275	00110	00111
chr22	22805489	00110	00111
chr22	23230723	00110	00111
chr22	26981839	00110	00111
chr22	27112669	00110	00111
chr22	28730577	00110	00111
chr22	28939176	00110	00111
chr22	29753480	00110	00111
chr22	30198906	00110	00111
chr22	31492840	00110	00111
chr22	31882887	00110	00111
chr22	31886995	00110	00111
chr22	33342260	00110	00111
chr22	33551085	00110	00111
chr22	34011435	00110	00111
chr22	35423416	00110	00111
chr22	38532712	00110	00111
chr22	38631469	00110	00111
chr22	40752009	00110	00111
chr22	41193249	00110	00111
chr22	41620235	00110	00111
chr22	42059928	00110	00111
chr22	44543061	00110	00111
chr22	45553650	00110	00111
chr22	45577621	00110	00111
chr22	45749471	00110	00111
chr22	46194758	00110	00111
chr22	46332682	00110	00111
chr22	49068468	00110	00111
chr22	49174156	00110	00111
chr22	49400656	00110	00111
chr22	50671300	00110	00111
chr22	16647946	01011	11111
chr22	18841052	01011	11111
chr22	49074950	01011	11111
chr22	51220848	01011	11111
chr22	16491206	01011	01011
chr22	21718264	01100	11111
chr22	25336718	01100	01100
chr22	16208756	11110	11111
chr22	16208762	11110	11111
chr22	16338055	11110	11111
chr22	16365289	11110	11111
chr22	17031762	11110	11111
chr22	18774367	11110	11111
chr22	18787761	11110	11111
chr22	18801179	11110	11111
chr22	18836501	11110	11111
chr22	18863659	11110	11111
chr22	18950722	11110	11111
chr22	20626695	11110	11111
chr22	21757334	11110	11111
chr22	22982363	11110	11111
chr22	23669869	11110	11111
chr22	24651330	11110	11111
chr22	45280557	11110	11111
chr22	47986036	11110	11111
chr22	50467091	11110	11111
chr22	16208767	11110	11110
chr22	16379072	11110	11110
chr22	43202339	11110	11110
chr22	49258245	11110	11110
chr22	18655607	01010	11111
chr22	24323878	01010	11111
chr22	24369327	01010	11111
chr22	24369345	01010	11111
chr22	20486571	10110	11111
chr22	21570790	10110	11111
chr22	38781082	10110	10110
chr22	44509903	11000	11111
chr22	16081329	11000	11000
chr22	18572480	11000	11000
chr22	16250790	01101	11111
chr22	16251281	01101	11111
chr22	21479869	01101	11111
chr22	21548497	01101	11111
chr22	25913027	01101	11111
chr22	42963187	01101	11111
chr22	25336700	01101	01101
chr22	25336704	01101	01101
chr22	16302297	10111	11111
chr22	16347827	10111	11111
chr22	16463039	10111	11111
chr22	17031584	10111	11111
chr22	17373889	10111	11111
chr22	18780549	10111	11111
chr22	19014309	10111	11111
chr22	19022175	10111	11111
chr22	20354187	10111	11111
chr22	21066942	10111	11111
chr22	21625385	10111	11111
chr22	21662663	10111	11111
chr22	22980270	10111	11111
chr22	23651904	10111	11111
chr22	23680589	10111	11111
chr22	25016121	10111	11111
chr22	32690526	10111	11111
chr22	38787703	10111	11111
chr22	43030870	10111	11111
chr22	44510591	10111	11111
chr22	45724132	10111	11111
chr22	48308362	10111	11111
chr22	48648081	10111	11111
chr22	48648411	10111	11111
chr22	51227891	10111	11111
chr22	24655872	10111	10111
chr22	23688906	01001	11111
chr22	25336685	01001	01001
chr22	49793383	10011	10011
chr22	51215028	10101	11111
chr22	16695096	10101	10101
chr22	17374102	01110	11111
chr22	18798951	01110	11111
chr22	25071320	01110	11111
chr22	16083573	01111	11111
chr22	16250862	01111	11111
chr22	16571243	01111	11111
chr22	16597156	01111	11111
chr22	16655722	01111	11111
chr22	18748118	01111	11111
chr22	18787128	01111	11111
chr22	20379008	01111	11111
chr22	21050319	01111	11111
chr22	21549028	01111	11111
chr22	24195832	01111	11111
chr22	25015898	01111	11111
chr22	25050224	01111	11111
chr22	34955296	01111	11111
chr22	35563729	01111	11111
chr22	36904150	01111	11111
chr22	42963183	01111	11111
chr22	47255567	01111	11111
chr22	50066469	01111	11111
chr22	51231019	01111	11111
chr22	20377592	01111	01111
chr22	20490194	01111	01111
chr22	21626227	01111	01111
chr22	25015903	01111	01111
chr22	39037979	01111	01111
