-----
Chromosome	Location	Original Code	New Code
-----
chr22	42963183	011100	111111
chr22	16956445	011101	111111
chr22	24323878	011101	111111
chr22	38781082	011101	111111
chr22	16661659	011101	011101
chr22	21071059	011001	111111
chr22	48875260	011001	111111
chr22	20449216	011000	011000
chr22	20809400	001011	001111
chr22	21810874	001011	001111
chr22	22914345	001011	001111
chr22	22950698	001011	001111
chr22	24370680	001011	001111
chr22	28298146	001011	001111
chr22	28422005	001011	001111
chr22	29312976	001011	001111
chr22	31015615	001011	001111
chr22	32058033	001011	001111
chr22	36575230	001011	001111
chr22	39212771	001011	001111
chr22	40225250	001011	001111
chr22	40713159	001011	001111
chr22	44685682	001011	001111
chr22	45092121	001011	001111
chr22	46334695	001011	001111
chr22	47669016	001011	001111
chr22	48770289	001011	001111
chr22	49364963	001011	001111
chr22	18774367	010101	111111
chr22	25002815	010101	111111
chr22	49233160	010101	010101
chr22	16081329	111011	111111
chr22	16208756	111011	111111
chr22	16208767	111011	111111
chr22	16210642	111011	111111
chr22	16229769	111011	111111
chr22	16338055	111011	111111
chr22	16365289	111011	111111
chr22	16406130	111011	111111
chr22	16546581	111011	111111
chr22	20320655	111011	111111
chr22	20491664	111011	111111
chr22	20706869	111011	111111
chr22	24010403	111011	111111
chr22	24660074	111011	111111
chr22	25642250	111011	111111
chr22	25642251	111011	111111
chr22	35888210	111011	111111
chr22	39386819	111011	111111
chr22	50467610	111011	111111
chr22	16636328	111011	111011
chr22	18738469	111011	111011
chr22	18779975	111011	111011
chr22	21505702	111010	111111
chr22	21680702	111010	111111
chr22	48648411	111010	111111
chr22	16489749	001110	001111
chr22	17157507	001110	001111
chr22	19142079	001110	001111
chr22	19867128	001110	001111
chr22	20832770	001110	001111
chr22	21085556	001110	001111
chr22	24115462	001110	001111
chr22	25305540	001110	001111
chr22	25380456	001110	001111
chr22	29934244	001110	001111
chr22	31473318	001110	001111
chr22	32912261	001110	001111
chr22	33641729	001110	001111
chr22	35105057	001110	001111
chr22	35115346	001110	001111
chr22	38262768	001110	001111
chr22	39026652	001110	001111
chr22	43861769	001110	001111
chr22	44109140	001110	001111
chr22	44256274	001110	001111
chr22	44702252	001110	001111
chr22	46548424	001110	001111
chr22	48183576	001110	001111
chr22	49469100	001110	001111
chr22	51110574	001110	001111
chr22	25336642	100111	100111
chr22	45280557	100110	111111
chr22	44510591	110000	110000
chr22	47000916	010111	111111
chr22	16302297	110001	111111
chr22	45724050	110100	111111
chr22	16288255	010011	111111
chr22	18572472	010011	010011
chr22	20322773	110101	111111
chr22	16319620	110101	110101
chr22	18769970	111000	111000
chr22	16104668	111001	111111
chr22	16463039	111001	111111
chr22	18802480	111001	111111
chr22	20291481	111001	111111
chr22	31780625	111001	111111
chr22	48648081	111001	111111
chr22	43030870	111001	111001
chr22	16061992	111101	111111
chr22	16649937	111101	111111
chr22	16898652	111101	111111
chr22	17031420	111101	111111
chr22	17031421	111101	111111
chr22	19947346	111101	111111
chr22	20298220	111101	111111
chr22	21554218	111101	111111
chr22	21570790	111101	111111
chr22	21718261	111101	111111
chr22	21819370	111101	111111
chr22	22979565	111101	111111
chr22	23669869	111101	111111
chr22	24009444	111101	111111
chr22	24009879	111101	111111
chr22	25920066	111101	111111
chr22	50066487	111101	111111
chr22	51215028	111101	111111
chr22	18835298	111101	111101
chr22	19022182	111100	111111
chr22	42963187	111100	111111
chr22	22970974	111100	111100
chr22	16307624	000110	000111
chr22	16615555	000110	000111
chr22	17526713	000110	000111
chr22	17850630	000110	000111
chr22	18436784	000110	000111
chr22	18575102	000110	000111
chr22	18903380	000110	000111
chr22	19070734	000110	000111
chr22	19320903	000110	000111
chr22	20110306	000110	000111
chr22	20736049	000110	000111
chr22	21378875	000110	000111
chr22	21379633	000110	000111
chr22	21934754	000110	000111
chr22	22425574	000110	000111
chr22	23025227	000110	000111
chr22	23670664	000110	000111
chr22	23711052	000110	000111
chr22	23855898	000110	000111
chr22	24710613	000110	000111
chr22	24796366	000110	000111
chr22	25649862	000110	000111
chr22	26116372	000110	000111
chr22	26493967	000110	000111
chr22	26518370	000110	000111
chr22	26679698	000110	000111
chr22	27030450	000110	000111
chr22	27246384	000110	000111
chr22	27584778	000110	000111
chr22	27633887	000110	000111
chr22	27687483	000110	000111
chr22	28056149	000110	000111
chr22	28092369	000110	000111
chr22	28504746	000110	000111
chr22	29479137	000110	000111
chr22	29897867	000110	000111
chr22	31673698	000110	000111
chr22	31960496	000110	000111
chr22	33432996	000110	000111
chr22	34195791	000110	000111
chr22	34736319	000110	000111
chr22	34993823	000110	000111
chr22	35593755	000110	000111
chr22	36388827	000110	000111
chr22	36619980	000110	000111
chr22	36757976	000110	000111
chr22	37743757	000110	000111
chr22	38024370	000110	000111
chr22	39647860	000110	000111
chr22	41107502	000110	000111
chr22	41491390	000110	000111
chr22	41851190	000110	000111
chr22	42977614	000110	000111
chr22	42999318	000110	000111
chr22	43756262	000110	000111
chr22	43812813	000110	000111
chr22	44630092	000110	000111
chr22	44731660	000110	000111
chr22	44911919	000110	000111
chr22	45200541	000110	000111
chr22	45349616	000110	000111
chr22	45628340	000110	000111
chr22	45716838	000110	000111
chr22	45958316	000110	000111
chr22	46116473	000110	000111
chr22	46519803	000110	000111
chr22	46740976	000110	000111
chr22	46827119	000110	000111
chr22	47539983	000110	000111
chr22	47849125	000110	000111
chr22	47850759	000110	000111
chr22	48420380	000110	000111
chr22	48616924	000110	000111
chr22	48669558	000110	000111
chr22	48670460	000110	000111
chr22	49190335	000110	000111
chr22	49391631	000110	000111
chr22	49637133	000110	000111
chr22	49892836	000110	000111
chr22	50173765	000110	000111
chr22	50985837	000110	000111
chr22	51195230	000110	000111
chr22	24485230	000110	000110
chr22	16136115	101111	111111
chr22	16291904	101111	111111
chr22	16912385	101111	111111
chr22	16973059	101111	111111
chr22	16973063	101111	111111
chr22	17031584	101111	111111
chr22	18823772	101111	111111
chr22	19684398	101111	111111
chr22	20320229	101111	111111
chr22	21600633	101111	111111
chr22	21602657	101111	111111
chr22	21819437	101111	111111
chr22	22980270	101111	111111
chr22	25048768	101111	111111
chr22	25920281	101111	111111
chr22	50066469	101111	111111
chr22	50250345	101111	111111
chr22	50607268	101111	111111
chr22	50651278	101111	111111
chr22	51230503	101111	111111
chr22	47255567	101111	101111
chr22	39037979	100100	100100
chr22	18798951	100101	111111
chr22	20320242	100101	111111
chr22	48875205	100001	100001
chr22	16507651	110011	111111
chr22	20470617	110011	111111
chr22	33000524	110011	111111
chr22	50066435	110010	110010
chr22	33269379	001100	001111
chr22	38784646	001100	001111
chr22	48439900	001100	001111
chr22	47293811	001100	001100
chr22	16174618	110111	111111
chr22	16236958	110111	111111
chr22	16345549	110111	111111
chr22	16525590	110111	111111
chr22	16874745	110111	111111
chr22	16984522	110111	111111
chr22	17005083	110111	111111
chr22	17005085	110111	111111
chr22	17030334	110111	111111
chr22	18748118	110111	111111
chr22	18780549	110111	111111
chr22	18844942	110111	111111
chr22	20394502	110111	111111
chr22	20501608	110111	111111
chr22	24657872	110111	111111
chr22	25022677	110111	111111
chr22	36534260	110111	111111
chr22	51118478	110111	111111
chr22	18838782	110111	110111
chr22	18340011	001101	001111
chr22	19033661	001101	001111
chr22	19137278	001101	001111
chr22	19378322	001101	001111
chr22	23743223	001101	001111
chr22	23902379	001101	001111
chr22	24708962	001101	001111
chr22	24882746	001101	001111
chr22	25075352	001101	001111
chr22	27173565	001101	001111
chr22	27642194	001101	001111
chr22	27919125	001101	001111
chr22	32095842	001101	001111
chr22	33325197	001101	001111
chr22	33579504	001101	001111
chr22	34358575	001101	001111
chr22	36389927	001101	001111
chr22	40612405	001101	001111
chr22	40745672	001101	001111
chr22	40916959	001101	001111
chr22	42776015	001101	001111
chr22	42859835	001101	001111
chr22	43674701	001101	001111
chr22	44347469	001101	001111
chr22	44799816	001101	001111
chr22	46974991	001101	001111
chr22	49173663	001101	001111
chr22	16655722	110110	111111
chr22	21038134	110110	111111
chr22	16113372	110110	110110
chr22	34955296	110110	110110
chr22	16208762	011011	111111
chr22	16898206	011011	111111
chr22	18787128	011011	111111
chr22	18789625	011011	111111
chr22	21718120	011011	111111
chr22	16990407	011010	111111
chr22	25071320	011010	111111
chr22	32846128	011010	011010
chr22	16141509	111110	111111
chr22	16347827	111110	111111
chr22	16624702	111110	111111
chr22	16955471	111110	111111
chr22	17373956	111110	111111
chr22	17374498	111110	111111
chr22	20298581	111110	111111
chr22	20486571	111110	111111
chr22	20627980	111110	111111
chr22	21569167	111110	111111
chr22	21718250	111110	111111
chr22	21719815	111110	111111
chr22	21720452	111110	111111
chr22	22620818	111110	111111
chr22	22620837	111110	111111
chr22	23242537	111110	111111
chr22	24010477	111110	111111
chr22	24651927	111110	111111
chr22	25070183	111110	111111
chr22	31986132	111110	111111
chr22	48648660	111110	111111
chr22	48648663	111110	111111
chr22	49122311	111110	111111
chr22	49249212	111110	111111
chr22	51121104	111110	111111
chr22	51220848	111110	111111
chr22	51229495	111110	111111
chr22	16399783	111110	111110
chr22	21571993	101010	101010
chr22	19022175	101011	111111
chr22	17502612	000101	000111
chr22	19907932	000101	000111
chr22	20251402	000101	000111
chr22	21373932	000101	000111
chr22	22119947	000101	000111
chr22	23999942	000101	000111
chr22	24569041	000101	000111
chr22	25100057	000101	000111
chr22	26273788	000101	000111
chr22	26840223	000101	000111
chr22	27448305	000101	000111
chr22	28111902	000101	000111
chr22	28499995	000101	000111
chr22	29074636	000101	000111
chr22	29557710	000101	000111
chr22	29866400	000101	000111
chr22	30315971	000101	000111
chr22	30315987	000101	000111
chr22	30345617	000101	000111
chr22	31257492	000101	000111
chr22	31413680	000101	000111
chr22	33193346	000101	000111
chr22	33446038	000101	000111
chr22	34230550	000101	000111
chr22	34382200	000101	000111
chr22	35323714	000101	000111
chr22	35876161	000101	000111
chr22	36659820	000101	000111
chr22	37245188	000101	000111
chr22	37423036	000101	000111
chr22	38823533	000101	000111
chr22	38899574	000101	000111
chr22	39423202	000101	000111
chr22	39678468	000101	000111
chr22	39752830	000101	000111
chr22	40609418	000101	000111
chr22	40723412	000101	000111
chr22	41099419	000101	000111
chr22	41139188	000101	000111
chr22	41508726	000101	000111
chr22	42028418	000101	000111
chr22	42230481	000101	000111
chr22	42409386	000101	000111
chr22	43025097	000101	000111
chr22	43995253	000101	000111
chr22	44769913	000101	000111
chr22	45553846	000101	000111
chr22	45929808	000101	000111
chr22	46075112	000101	000111
chr22	46252255	000101	000111
chr22	46796132	000101	000111
chr22	47690299	000101	000111
chr22	48352359	000101	000111
chr22	48709538	000101	000111
chr22	49177766	000101	000111
chr22	49454309	000101	000111
chr22	49475784	000101	000111
chr22	50156920	000101	000111
chr22	44887679	000101	000101
chr22	24673494	001001	001111
chr22	26096872	001001	001111
chr22	34984156	001001	001111
chr22	37739320	001001	001111
chr22	49009991	001001	001111
chr22	49793383	001001	001001
chr22	16250862	101110	111111
chr22	49074954	101110	111111
chr22	35076455	101110	101110
chr22	50464834	101100	111111
chr22	19999613	101100	101100
chr22	24684902	001010	001111
chr22	24969418	001010	001111
chr22	26408224	001010	001111
chr22	35804946	001010	001111
chr22	44435653	001010	001111
chr22	16990420	011110	111111
chr22	16387795	011111	111111
chr22	16695096	011111	111111
chr22	16902551	011111	111111
chr22	17230141	011111	111111
chr22	18774869	011111	111111
chr22	18791458	011111	111111
chr22	18841052	011111	111111
chr22	20320763	011111	111111
chr22	20322149	011111	111111
chr22	20390063	011111	111111
chr22	20624711	011111	111111
chr22	21693697	011111	111111
chr22	23653555	011111	111111
chr22	24195832	011111	111111
chr22	24655886	011111	111111
chr22	25161495	011111	111111
chr22	25697952	011111	111111
chr22	34955700	011111	111111
chr22	35187403	011111	111111
chr22	49249195	011111	111111
chr22	51227891	011111	111111
chr22	16078893	011111	011111
chr22	18801179	011111	011111
