-----
Chromosome	Location	Original Code	New Code
-----
chr22	38626051	011100	111111
chr22	49233160	011100	111111
chr22	21720452	011100	011100
chr22	16952978	011101	111111
chr22	18748118	011101	111111
chr22	16990407	011001	111111
chr22	42911257	011000	011000
chr22	17092578	001011	001111
chr22	18844942	001011	001111
chr22	19094725	001011	001111
chr22	19098375	001011	001111
chr22	19532365	001011	001111
chr22	20489974	001011	001111
chr22	23644940	001011	001111
chr22	23845189	001011	001111
chr22	25834839	001011	001111
chr22	26795510	001011	001111
chr22	27179252	001011	001111
chr22	27634932	001011	001111
chr22	28582557	001011	001111
chr22	28675938	001011	001111
chr22	29699702	001011	001111
chr22	32081115	001011	001111
chr22	32586167	001011	001111
chr22	33254784	001011	001111
chr22	34563559	001011	001111
chr22	34685888	001011	001111
chr22	35232859	001011	001111
chr22	35319740	001011	001111
chr22	36267295	001011	001111
chr22	37138809	001011	001111
chr22	43901814	001011	001111
chr22	45605141	001011	001111
chr22	46345742	001011	001111
chr22	48777937	001011	001111
chr22	50757825	001011	001111
chr22	20420721	001011	001011
chr22	20501608	010101	111111
chr22	51123920	010101	111111
chr22	16098314	111011	111111
chr22	16345547	111011	111111
chr22	16345549	111011	111111
chr22	20298581	111011	111111
chr22	20315929	111011	111111
chr22	20320242	111011	111111
chr22	20330148	111011	111111
chr22	20639022	111011	111111
chr22	20709735	111011	111111
chr22	21570790	111011	111111
chr22	21624702	111011	111111
chr22	24009444	111011	111111
chr22	24655872	111011	111111
chr22	29801990	111011	111111
chr22	35565491	111011	111111
chr22	50066435	111011	111111
chr22	20652738	111011	111011
chr22	23653189	111011	111011
chr22	34955296	111011	111011
chr22	20320229	111010	111111
chr22	20449216	111010	111111
chr22	21549028	111010	111010
chr22	25336700	111010	111010
chr22	25336704	111010	111010
chr22	17571008	001110	001111
chr22	17752468	001110	001111
chr22	18309816	001110	001111
chr22	19209520	001110	001111
chr22	20726958	001110	001111
chr22	22158472	001110	001111
chr22	22974383	001110	001111
chr22	24576701	001110	001111
chr22	25821521	001110	001111
chr22	26564238	001110	001111
chr22	28138126	001110	001111
chr22	29214603	001110	001111
chr22	30774128	001110	001111
chr22	32836459	001110	001111
chr22	35014265	001110	001111
chr22	36810136	001110	001111
chr22	36885148	001110	001111
chr22	38010375	001110	001111
chr22	38676939	001110	001111
chr22	40771902	001110	001111
chr22	40941463	001110	001111
chr22	41681855	001110	001111
chr22	43225475	001110	001111
chr22	43284677	001110	001111
chr22	44702932	001110	001111
chr22	45327826	001110	001111
chr22	45789665	001110	001111
chr22	46050907	001110	001111
chr22	49256850	001110	001111
chr22	49572182	001110	001111
chr22	16223418	100111	111111
chr22	48875205	100111	111111
chr22	48875229	100111	111111
chr22	48875260	100111	111111
chr22	49951798	100111	111111
chr22	16898206	100110	111111
chr22	16953044	010111	111111
chr22	18791458	010111	111111
chr22	18798951	010111	111111
chr22	49122311	010111	111111
chr22	25070472	110001	111111
chr22	49074950	110001	111111
chr22	18802400	010110	111111
chr22	17373889	110100	111111
chr22	21571677	110100	111111
chr22	21718120	110100	111111
chr22	25913027	110100	111111
chr22	32846128	110100	111111
chr22	32846134	110100	110100
chr22	16695096	010011	111111
chr22	18728211	110101	111111
chr22	18774367	110101	111111
chr22	39386819	110101	111111
chr22	21718264	111000	111111
chr22	24323878	111000	111111
chr22	16352240	111001	111111
chr22	44510591	111001	111111
chr22	16081329	111001	111001
chr22	19022182	111001	111001
chr22	16208767	111101	111111
chr22	16340551	111101	111111
chr22	16354754	111101	111111
chr22	16874804	111101	111111
chr22	17366493	111101	111111
chr22	18823722	111101	111111
chr22	19022175	111101	111111
chr22	21050417	111101	111111
chr22	21050418	111101	111111
chr22	21067806	111101	111111
chr22	21693697	111101	111111
chr22	23653555	111101	111111
chr22	23659643	111101	111111
chr22	25071320	111101	111111
chr22	25697952	111101	111111
chr22	35888210	111101	111111
chr22	42905055	111101	111111
chr22	44698803	111101	111111
chr22	49074933	111101	111111
chr22	51118478	111101	111111
chr22	16593244	111101	111101
chr22	18841931	111101	111101
chr22	36131220	111101	111101
chr22	20486571	111100	111111
chr22	23680589	111100	111111
chr22	35563729	111100	111111
chr22	16984522	111100	111100
chr22	21683529	100010	100010
chr22	49063919	100010	100010
chr22	28234034	000110	001111
chr22	29976064	000110	001111
chr22	30815289	000110	001111
chr22	40834967	000110	001111
chr22	41785739	000110	001111
chr22	25002815	100011	111111
chr22	16986023	000111	001111
chr22	21573023	000111	001111
chr22	23254921	000111	001111
chr22	23260730	000111	001111
chr22	25016877	000111	001111
chr22	25865899	000111	001111
chr22	26390221	000111	001111
chr22	27181453	000111	001111
chr22	29902103	000111	001111
chr22	31113434	000111	001111
chr22	33364537	000111	001111
chr22	34184879	000111	001111
chr22	34607998	000111	001111
chr22	36196101	000111	001111
chr22	36427340	000111	001111
chr22	37074582	000111	001111
chr22	37473643	000111	001111
chr22	37859777	000111	001111
chr22	40727574	000111	001111
chr22	40757947	000111	001111
chr22	41582281	000111	001111
chr22	41995413	000111	001111
chr22	42145648	000111	001111
chr22	43268492	000111	001111
chr22	43489677	000111	001111
chr22	44449575	000111	001111
chr22	44907372	000111	001111
chr22	45264051	000111	001111
chr22	45637547	000111	001111
chr22	46697390	000111	001111
chr22	47076585	000111	001111
chr22	48143189	000111	001111
chr22	48472338	000111	001111
chr22	49885694	000111	001111
chr22	50443590	000111	001111
chr22	16132463	000111	000111
chr22	16347639	101111	111111
chr22	16649937	101111	111111
chr22	16874745	101111	111111
chr22	16902551	101111	111111
chr22	16957145	101111	111111
chr22	16957146	101111	111111
chr22	17374498	101111	111111
chr22	18787128	101111	111111
chr22	19947341	101111	111111
chr22	19947347	101111	111111
chr22	20381641	101111	111111
chr22	20449100	101111	111111
chr22	21569167	101111	111111
chr22	21662663	101111	111111
chr22	24651927	101111	111111
chr22	25666657	101111	111111
chr22	28733288	101111	111111
chr22	39446528	101111	111111
chr22	43030870	101111	111111
chr22	49258245	101111	111111
chr22	51216679	101111	111111
chr22	51227891	101111	111111
chr22	18780549	101111	101111
chr22	33000524	100101	111111
chr22	16365289	100101	100101
chr22	16463039	100001	100001
chr22	18791326	100001	100001
chr22	16990420	110011	111111
chr22	17374102	110011	111111
chr22	16113372	110011	110011
chr22	25336718	110010	110010
chr22	16121440	110111	111111
chr22	16365117	110111	111111
chr22	16409666	110111	111111
chr22	16557053	110111	111111
chr22	16655722	110111	111111
chr22	16959551	110111	111111
chr22	16990392	110111	111111
chr22	17585124	110111	111111
chr22	18655607	110111	111111
chr22	18836501	110111	111111
chr22	19014404	110111	111111
chr22	20609663	110111	111111
chr22	21494149	110111	111111
chr22	21689805	110111	111111
chr22	21689875	110111	111111
chr22	23495676	110111	111111
chr22	47999083	110111	111111
chr22	50066487	110111	111111
chr22	50746656	110111	111111
chr22	51229495	110111	111111
chr22	16151692	110111	110111
chr22	20502333	110111	110111
chr22	21689836	110111	110111
chr22	24770240	110111	110111
chr22	20008410	001101	001111
chr22	20954180	001101	001111
chr22	22243912	001101	001111
chr22	23277120	001101	001111
chr22	23291212	001101	001111
chr22	23618129	001101	001111
chr22	24637728	001101	001111
chr22	25056272	001101	001111
chr22	26887782	001101	001111
chr22	30144111	001101	001111
chr22	31445164	001101	001111
chr22	34044406	001101	001111
chr22	34314444	001101	001111
chr22	34974872	001101	001111
chr22	35088175	001101	001111
chr22	36135505	001101	001111
chr22	38365322	001101	001111
chr22	41415275	001101	001111
chr22	41521792	001101	001111
chr22	46209102	001101	001111
chr22	47802289	001101	001111
chr22	47853376	001101	001111
chr22	48139834	001101	001111
chr22	48248558	001101	001111
chr22	48981270	001101	001111
chr22	49105573	001101	001111
chr22	49542845	001101	001111
chr22	50626252	001101	001111
chr22	44510539	110110	111111
chr22	45140591	110110	111111
chr22	16347827	011011	111111
chr22	21602657	011011	111111
chr22	44509392	011011	111111
chr22	49016539	011011	111111
chr22	48128394	011010	111111
chr22	16104668	111110	111111
chr22	16164155	111110	111111
chr22	16210642	111110	111111
chr22	16309752	111110	111111
chr22	16364901	111110	111111
chr22	16956445	111110	111111
chr22	19098229	111110	111111
chr22	20390063	111110	111111
chr22	20490447	111110	111111
chr22	22979131	111110	111111
chr22	23669878	111110	111111
chr22	17037230	111110	111110
chr22	44509903	101010	111111
chr22	20470617	101011	111111
chr22	38781082	101011	111111
chr22	48648411	101011	111111
chr22	43012553	000101	001111
chr22	46127069	000101	001111
chr22	24369327	000101	000101
chr22	20470111	001001	001111
chr22	34554242	001001	001111
chr22	47182912	001001	001111
chr22	48439900	001001	001001
chr22	16078974	101110	111111
chr22	16302297	101110	111111
chr22	24651963	101110	111111
chr22	16507651	101110	101110
chr22	18725820	101110	101110
chr22	45724050	101110	101110
chr22	19684423	101101	111111
chr22	21066942	101101	111111
chr22	21625196	101101	111111
chr22	45724132	101101	111111
chr22	21588911	101101	101101
chr22	18802480	101100	111111
chr22	19684429	101100	111111
chr22	22980270	101100	101100
chr22	37515398	001010	001111
chr22	43228009	001010	001111
chr22	16364923	011110	111111
chr22	18787761	011110	111111
chr22	20354187	011110	111111
chr22	18572472	011110	011110
chr22	21665168	011110	011110
chr22	49122409	011110	011110
chr22	16406130	101001	111111
chr22	49074954	101001	111111
chr22	49132199	101001	101001
chr22	16288255	011111	111111
chr22	16319620	011111	111111
chr22	16937959	011111	111111
chr22	17499512	011111	111111
chr22	20291481	011111	111111
chr22	20298220	011111	111111
chr22	20322149	011111	111111
chr22	20324038	011111	111111
chr22	20705118	011111	111111
chr22	21050335	011111	111111
chr22	21515683	011111	111111
chr22	25922424	011111	111111
chr22	31780625	011111	111111
chr22	47255448	011111	111111
chr22	47742843	011111	111111
chr22	20652065	011111	011111
chr22	22970974	011111	011111
