-----
Chromosome	Location	Original Code	New Code
-----
chr22	16205497	011100	111111
chr22	49074865	011100	111111
chr22	18802480	011101	111111
chr22	19947346	011101	111111
chr22	19947347	011101	111111
chr22	16387795	011101	011101
chr22	47000916	101000	101000
chr22	17067747	001011	001111
chr22	18988590	001011	001111
chr22	19684423	001011	001111
chr22	21936157	001011	001111
chr22	22779413	001011	001111
chr22	22908752	001011	001111
chr22	24673494	001011	001111
chr22	25366433	001011	001111
chr22	25409333	001011	001111
chr22	25499021	001011	001111
chr22	26689017	001011	001111
chr22	27465864	001011	001111
chr22	29048625	001011	001111
chr22	29814302	001011	001111
chr22	30768841	001011	001111
chr22	31773987	001011	001111
chr22	33209701	001011	001111
chr22	34972956	001011	001111
chr22	38470206	001011	001111
chr22	40162326	001011	001111
chr22	44759361	001011	001111
chr22	48604501	001011	001111
chr22	49951798	010101	111111
chr22	16082887	010100	010100
chr22	22970974	010100	010100
chr22	18769978	010001	010001
chr22	16104288	111011	111111
chr22	16250790	111011	111111
chr22	16288255	111011	111111
chr22	16898206	111011	111111
chr22	17050777	111011	111111
chr22	18652023	111011	111111
chr22	18655607	111011	111111
chr22	18752095	111011	111111
chr22	19021819	111011	111111
chr22	20705118	111011	111111
chr22	21480192	111011	111111
chr22	21520872	111011	111111
chr22	21665168	111011	111111
chr22	24652371	111011	111111
chr22	25065795	111011	111111
chr22	35563729	111011	111111
chr22	38781082	111011	111111
chr22	47255448	111011	111111
chr22	49006383	111011	111111
chr22	49122311	111011	111111
chr22	49258245	111011	111111
chr22	51118478	111011	111111
chr22	16338055	111011	111011
chr22	18775424	111011	111011
chr22	20324038	111010	111111
chr22	20706869	111010	111111
chr22	21570790	111010	111010
chr22	50066469	111010	111010
chr22	16345549	001110	001111
chr22	20317110	001110	001111
chr22	26139747	001110	001111
chr22	29461966	001110	001111
chr22	33263840	001110	001111
chr22	33457129	001110	001111
chr22	34343785	001110	001111
chr22	36631153	001110	001111
chr22	39697233	001110	001111
chr22	41576870	001110	001111
chr22	43699403	001110	001111
chr22	48432842	001110	001111
chr22	21867148	001110	001110
chr22	20320655	100111	111111
chr22	24369345	100111	111111
chr22	49074950	100111	111111
chr22	16250862	110000	110000
chr22	33153043	110000	110000
chr22	16081329	010111	111111
chr22	20470617	010111	111111
chr22	48686513	010111	010111
chr22	18835298	110001	111111
chr22	48075754	110001	111111
chr22	20652065	010010	010010
chr22	49793383	110100	110100
chr22	44510539	010011	010011
chr22	16507651	110101	111111
chr22	21470346	110101	111111
chr22	21719813	110101	110101
chr22	16661659	111001	111001
chr22	16102602	111101	111111
chr22	16236958	111101	111111
chr22	16302297	111101	111111
chr22	16347639	111101	111111
chr22	16649937	111101	111111
chr22	16695096	111101	111111
chr22	16957403	111101	111111
chr22	16973059	111101	111111
chr22	16973063	111101	111111
chr22	18725820	111101	111111
chr22	18789625	111101	111111
chr22	18841052	111101	111111
chr22	18904875	111101	111111
chr22	20346278	111101	111111
chr22	20364727	111101	111111
chr22	20449216	111101	111111
chr22	20491664	111101	111111
chr22	20502333	111101	111111
chr22	21725733	111101	111111
chr22	22975138	111101	111111
chr22	23883828	111101	111111
chr22	42967403	111101	111111
chr22	16121440	111101	111101
chr22	21602657	111101	111101
chr22	21624702	111101	111101
chr22	21719815	111101	111101
chr22	38626051	111100	111111
chr22	34955296	111100	111100
chr22	42563529	100010	100010
chr22	16491657	000110	000111
chr22	16662102	000110	000111
chr22	17361952	000110	000111
chr22	17705557	000110	000111
chr22	17711715	000110	000111
chr22	17721638	000110	000111
chr22	17906442	000110	000111
chr22	19138183	000110	000111
chr22	19486984	000110	000111
chr22	19710868	000110	000111
chr22	20293741	000110	000111
chr22	20785671	000110	000111
chr22	21197346	000110	000111
chr22	21278373	000110	000111
chr22	21718261	000110	000111
chr22	21906684	000110	000111
chr22	22343287	000110	000111
chr22	22891561	000110	000111
chr22	22961127	000110	000111
chr22	23322754	000110	000111
chr22	23872930	000110	000111
chr22	24562128	000110	000111
chr22	25385268	000110	000111
chr22	26119125	000110	000111
chr22	26250181	000110	000111
chr22	27750258	000110	000111
chr22	27894367	000110	000111
chr22	28252678	000110	000111
chr22	28826734	000110	000111
chr22	30100319	000110	000111
chr22	31106565	000110	000111
chr22	31713024	000110	000111
chr22	34944962	000110	000111
chr22	34945879	000110	000111
chr22	36120902	000110	000111
chr22	36280285	000110	000111
chr22	36374701	000110	000111
chr22	36452365	000110	000111
chr22	36460343	000110	000111
chr22	37128157	000110	000111
chr22	38126751	000110	000111
chr22	39028687	000110	000111
chr22	40214804	000110	000111
chr22	41702937	000110	000111
chr22	42972627	000110	000111
chr22	43335907	000110	000111
chr22	43690565	000110	000111
chr22	43906228	000110	000111
chr22	44063063	000110	000111
chr22	44086506	000110	000111
chr22	44745007	000110	000111
chr22	45363222	000110	000111
chr22	45836950	000110	000111
chr22	45918636	000110	000111
chr22	46663507	000110	000111
chr22	47328853	000110	000111
chr22	47523018	000110	000111
chr22	47828907	000110	000111
chr22	48503412	000110	000111
chr22	48950492	000110	000111
chr22	49288416	000110	000111
chr22	49583554	000110	000111
chr22	49837720	000110	000111
chr22	50000179	000110	000111
chr22	51122697	000110	000111
chr22	19947359	100011	111111
chr22	16102810	101111	111111
chr22	16142365	101111	111111
chr22	16346070	101111	111111
chr22	16661856	101111	111111
chr22	17031420	101111	111111
chr22	17031421	101111	111111
chr22	17031584	101111	111111
chr22	17499030	101111	111111
chr22	18787128	101111	111111
chr22	18836601	101111	111111
chr22	18844942	101111	111111
chr22	21625385	101111	111111
chr22	21639323	101111	111111
chr22	24657872	101111	111111
chr22	25071286	101111	111111
chr22	25071320	101111	111111
chr22	25920066	101111	111111
chr22	35565471	101111	111111
chr22	35565491	101111	111111
chr22	36131220	101111	111111
chr22	42897553	101111	111111
chr22	42905055	101111	111111
chr22	45280557	101111	111111
chr22	47256013	101111	111111
chr22	49074933	101111	111111
chr22	49249212	101111	111111
chr22	16538427	101111	101111
chr22	18572472	101111	101111
chr22	18823772	101111	101111
chr22	51121171	101111	101111
chr22	50467610	100100	100100
chr22	16208767	110011	111111
chr22	16251281	110011	111111
chr22	35887894	110011	111111
chr22	16540035	110010	111111
chr22	47293811	110010	110010
chr22	16078974	001100	001111
chr22	22186877	001100	001111
chr22	29108841	001100	001111
chr22	16208756	110111	111111
chr22	16208762	110111	111111
chr22	16364923	110111	111111
chr22	16590588	110111	111111
chr22	16696637	110111	111111
chr22	17030238	110111	111111
chr22	18774869	110111	111111
chr22	18831620	110111	111111
chr22	20320242	110111	111111
chr22	21050335	110111	111111
chr22	23680589	110111	111111
chr22	25697952	110111	111111
chr22	34955700	110111	111111
chr22	35888203	110111	111111
chr22	35888210	110111	111111
chr22	45724132	110111	111111
chr22	51229495	110111	111111
chr22	16412896	110111	110111
chr22	16494473	110111	110111
chr22	20457204	110111	110111
chr22	24010477	110111	110111
chr22	17137751	001101	001111
chr22	18802400	001101	001111
chr22	19691355	001101	001111
chr22	22647707	001101	001111
chr22	22733884	001101	001111
chr22	24060004	001101	001111
chr22	24415954	001101	001111
chr22	24982932	001101	001111
chr22	25009552	001101	001111
chr22	30044920	001101	001111
chr22	31088010	001101	001111
chr22	32242146	001101	001111
chr22	34399075	001101	001111
chr22	36954473	001101	001111
chr22	39821019	001101	001111
chr22	40224839	001101	001111
chr22	40437233	001101	001111
chr22	40640484	001101	001111
chr22	41566371	001101	001111
chr22	47613530	001101	001111
chr22	16364901	110110	111111
chr22	16164147	110110	110110
chr22	16463039	011011	111111
chr22	18752106	011011	111111
chr22	20486571	011011	111111
chr22	21515683	011011	111111
chr22	21732051	011011	111111
chr22	48648081	011011	111111
chr22	48981270	011011	011011
chr22	21718264	011010	111111
chr22	48875205	011010	111111
chr22	16098314	111110	111111
chr22	16236684	111110	111111
chr22	16384689	111110	111111
chr22	16661840	111110	111111
chr22	16695829	111110	111111
chr22	16897762	111110	111111
chr22	16899868	111110	111111
chr22	17374102	111110	111111
chr22	18843741	111110	111111
chr22	18926421	111110	111111
chr22	21050417	111110	111111
chr22	21050418	111110	111111
chr22	21709727	111110	111111
chr22	21757334	111110	111111
chr22	22980270	111110	111111
chr22	24651927	111110	111111
chr22	25920281	111110	111111
chr22	33000524	111110	111111
chr22	42909274	111110	111111
chr22	43030870	111110	111111
chr22	48875229	111110	111111
chr22	51227891	111110	111111
chr22	18792040	111110	111110
chr22	21049094	111110	111110
chr22	28732923	111110	111110
chr22	18774367	101010	111111
chr22	17373956	101011	111111
chr22	17374498	101011	101011
chr22	17928894	000101	000111
chr22	18574217	000101	000111
chr22	18591664	000101	000111
chr22	18990476	000101	000111
chr22	19521267	000101	000111
chr22	19626261	000101	000111
chr22	21113470	000101	000111
chr22	21270181	000101	000111
chr22	21306294	000101	000111
chr22	22212686	000101	000111
chr22	22636298	000101	000111
chr22	22799859	000101	000111
chr22	23049314	000101	000111
chr22	23431038	000101	000111
chr22	23510062	000101	000111
chr22	23673262	000101	000111
chr22	25107191	000101	000111
chr22	25879203	000101	000111
chr22	25994613	000101	000111
chr22	28731079	000101	000111
chr22	28865763	000101	000111
chr22	30707904	000101	000111
chr22	31816784	000101	000111
chr22	32290518	000101	000111
chr22	33202378	000101	000111
chr22	35068569	000101	000111
chr22	36156832	000101	000111
chr22	36784250	000101	000111
chr22	36998982	000101	000111
chr22	37989216	000101	000111
chr22	38200885	000101	000111
chr22	38712556	000101	000111
chr22	38814600	000101	000111
chr22	39221222	000101	000111
chr22	39270892	000101	000111
chr22	40173800	000101	000111
chr22	40640898	000101	000111
chr22	41067629	000101	000111
chr22	41235144	000101	000111
chr22	41859555	000101	000111
chr22	42287585	000101	000111
chr22	44285737	000101	000111
chr22	45207822	000101	000111
chr22	45447167	000101	000111
chr22	45689645	000101	000111
chr22	46417055	000101	000111
chr22	46811678	000101	000111
chr22	47488167	000101	000111
chr22	47575381	000101	000111
chr22	47577714	000101	000111
chr22	48170693	000101	000111
chr22	48530793	000101	000111
chr22	48568607	000101	000111
chr22	48957880	000101	000111
chr22	49019936	000101	000111
chr22	49074954	000101	000111
chr22	49233160	000101	000111
chr22	49569066	000101	000111
chr22	49991759	000101	000111
chr22	50084248	000101	000111
chr22	21038134	001001	001111
chr22	32262983	001001	001111
chr22	49696558	001001	001111
chr22	49696560	001001	001111
chr22	18748118	001001	001001
chr22	16345547	101110	111111
chr22	25048768	101110	111111
chr22	44509903	101110	111111
chr22	48875260	101110	111111
chr22	16365117	101110	101110
chr22	24009444	101110	101110
chr22	20322149	101101	111111
chr22	21517491	101101	111111
chr22	16984522	101100	111111
chr22	18791458	101100	111111
chr22	49074977	101100	111111
chr22	49074978	101100	111111
chr22	20322773	101100	101100
chr22	18846079	001010	001111
chr22	21483485	001010	001111
chr22	43942752	001010	001111
chr22	47399405	001010	001111
chr22	31780471	001010	001010
chr22	31780474	001010	001010
chr22	50066435	001010	001010
chr22	20298581	011110	111111
chr22	21548497	011110	111111
chr22	21718120	011110	111111
chr22	22668885	011110	011110
chr22	24651963	011110	011110
chr22	49662220	011110	011110
chr22	22979131	101001	111111
chr22	16512018	011111	111111
chr22	16696591	011111	111111
chr22	16957145	011111	111111
chr22	16990392	011111	111111
chr22	16990407	011111	111111
chr22	19947341	011111	111111
chr22	22529502	011111	111111
chr22	22980352	011111	111111
chr22	31780625	011111	111111
chr22	32846128	011111	111111
chr22	35076455	011111	111111
chr22	38787703	011111	111111
chr22	39710390	011111	111111
chr22	42963183	011111	111111
chr22	16302137	011111	011111
