-----
Chromosome	Location	Original Code	New Code
-----
chr22	48875205	011100	011111
chr22	18166941	011101	011111
chr22	18711107	011101	011111
chr22	18823741	011101	011111
chr22	19947341	011101	011111
chr22	24522992	011101	011111
chr22	28638571	011101	011111
chr22	31041293	011101	011111
chr22	33614513	011101	011111
chr22	35145446	011101	011111
chr22	36250567	011101	011111
chr22	37170676	011101	011111
chr22	40345271	011101	011111
chr22	41301223	011101	011111
chr22	42596621	011101	011111
chr22	43449111	011101	011111
chr22	44716677	011101	011111
chr22	48875229	011101	011111
chr22	50253214	011101	011111
chr22	51215028	011101	011111
chr22	20433649	011101	011101
chr22	19947346	011001	011111
chr22	19947347	011001	011111
chr22	26166449	011001	011111
chr22	48546909	011001	011111
chr22	50851660	011001	011111
chr22	20716834	001011	011111
chr22	49793383	001011	001011
chr22	22408322	010101	011111
chr22	29816492	010101	011111
chr22	31282320	010101	011111
chr22	37489651	010101	011111
chr22	42107946	010101	011111
chr22	18802400	010001	010001
chr22	21775548	010001	010001
chr22	16649937	111011	111111
chr22	16990407	111011	111111
chr22	18789625	111011	111111
chr22	19684398	111011	111111
chr22	20470617	111011	111111
chr22	20627980	111011	111111
chr22	22980270	111011	111111
chr22	24655886	111011	111111
chr22	28610029	111011	111111
chr22	28733288	111011	111111
chr22	31986132	111011	111111
chr22	49074950	111011	111111
chr22	49249212	111011	111111
chr22	44510539	111010	111111
chr22	16082887	001110	011111
chr22	16384639	001110	001110
chr22	17865648	001111	011111
chr22	19947359	001111	011111
chr22	20735489	001111	011111
chr22	21215508	001111	011111
chr22	21515683	001111	011111
chr22	21718239	001111	011111
chr22	22059706	001111	011111
chr22	23177497	001111	011111
chr22	24827763	001111	011111
chr22	27862366	001111	011111
chr22	32821256	001111	011111
chr22	33728313	001111	011111
chr22	33776375	001111	011111
chr22	34231567	001111	011111
chr22	37488075	001111	011111
chr22	42022922	001111	011111
chr22	42770575	001111	011111
chr22	49106091	001111	011111
chr22	50590625	001111	011111
chr22	16655722	001111	001111
chr22	18823772	001111	001111
chr22	21680702	001111	001111
chr22	16406130	100110	100110
chr22	16898206	110000	110000
chr22	21718250	110000	110000
chr22	21718261	110000	110000
chr22	16365289	010111	011111
chr22	16984522	010111	011111
chr22	17348327	010111	011111
chr22	20720513	010111	011111
chr22	24279585	010111	011111
chr22	34151420	010111	011111
chr22	34166232	010111	011111
chr22	35068913	010111	011111
chr22	38747714	010111	011111
chr22	40351555	010111	011111
chr22	41012982	010111	011111
chr22	41042953	010111	011111
chr22	42305925	010111	011111
chr22	47189362	010111	011111
chr22	48981270	010111	011111
chr22	49856462	010111	011111
chr22	20478252	010111	010111
chr22	17373889	110001	111111
chr22	16251281	010110	011111
chr22	16302297	010010	011111
chr22	25336700	010010	010010
chr22	25336704	010010	010010
chr22	25336718	010010	010010
chr22	23201861	010011	011111
chr22	42563529	010011	011111
chr22	44509903	010011	011111
chr22	21819437	110101	111111
chr22	43030870	110101	111111
chr22	24323878	111001	111111
chr22	25697952	111001	111111
chr22	18748118	111001	111001
chr22	44510591	111001	111001
chr22	16104668	111101	111111
chr22	16236958	111101	111111
chr22	16340551	111101	111111
chr22	16346070	111101	111111
chr22	16403205	111101	111111
chr22	16451245	111101	111111
chr22	16655144	111101	111111
chr22	17031584	111101	111111
chr22	20626695	111101	111111
chr22	23653555	111101	111111
chr22	24651330	111101	111111
chr22	24659381	111101	111111
chr22	41691794	111101	111111
chr22	42963183	111101	111111
chr22	42963187	111101	111111
chr22	16087116	111101	111101
chr22	18838749	111101	111101
chr22	21684367	111101	111101
chr22	16364923	111100	111111
chr22	21718120	111100	111111
chr22	42522498	111100	111100
chr22	17773265	000110	000111
chr22	19294191	000110	000111
chr22	20141549	000110	000111
chr22	22228196	000110	000111
chr22	23197725	000110	000111
chr22	24099847	000110	000111
chr22	24276145	000110	000111
chr22	25912663	000110	000111
chr22	26509899	000110	000111
chr22	26793247	000110	000111
chr22	27673716	000110	000111
chr22	27705831	000110	000111
chr22	28958396	000110	000111
chr22	29208255	000110	000111
chr22	29587109	000110	000111
chr22	29699309	000110	000111
chr22	29725769	000110	000111
chr22	29811384	000110	000111
chr22	29952433	000110	000111
chr22	30466971	000110	000111
chr22	30476464	000110	000111
chr22	32017364	000110	000111
chr22	32434446	000110	000111
chr22	32888395	000110	000111
chr22	33699727	000110	000111
chr22	34516970	000110	000111
chr22	35061396	000110	000111
chr22	35143670	000110	000111
chr22	35247203	000110	000111
chr22	35331747	000110	000111
chr22	36505868	000110	000111
chr22	38538436	000110	000111
chr22	40551559	000110	000111
chr22	41014127	000110	000111
chr22	41529308	000110	000111
chr22	41630190	000110	000111
chr22	41965032	000110	000111
chr22	42095366	000110	000111
chr22	42117831	000110	000111
chr22	42225577	000110	000111
chr22	42397571	000110	000111
chr22	42756966	000110	000111
chr22	42928241	000110	000111
chr22	43009884	000110	000111
chr22	43356549	000110	000111
chr22	43482909	000110	000111
chr22	45291120	000110	000111
chr22	46181224	000110	000111
chr22	47678100	000110	000111
chr22	48320497	000110	000111
chr22	49344300	000110	000111
chr22	49407778	000110	000111
chr22	49552482	000110	000111
chr22	50290701	000110	000111
chr22	50790976	000110	000111
chr22	51183947	000110	000111
chr22	20730054	000110	000110
chr22	20491664	100011	111111
chr22	21063672	100011	111111
chr22	19022182	100011	100011
chr22	25002815	100011	100011
chr22	47910894	100011	100011
chr22	16216383	101111	111111
chr22	16507651	101111	111111
chr22	16695829	101111	111111
chr22	16917201	101111	111111
chr22	17030306	101111	111111
chr22	18774367	101111	111111
chr22	18787128	101111	111111
chr22	18838782	101111	111111
chr22	20706869	101111	111111
chr22	21480192	101111	111111
chr22	22644704	101111	111111
chr22	23680589	101111	111111
chr22	24014049	101111	111111
chr22	24651963	101111	111111
chr22	42914974	101111	111111
chr22	47999083	101111	111111
chr22	49122311	101111	111111
chr22	51121104	101111	111111
chr22	51211980	101111	111111
chr22	21066942	101111	101111
chr22	18572472	100100	100100
chr22	18089256	100101	100101
chr22	49233160	100101	100101
chr22	21971040	100001	100001
chr22	23659783	100001	100001
chr22	49132199	100001	100001
chr22	16302337	110011	111111
chr22	28732923	110011	111111
chr22	49951778	110011	111111
chr22	20652065	110010	111111
chr22	21720452	110010	110010
chr22	19947361	001100	011111
chr22	38855741	001100	011111
chr22	16083573	110111	111111
chr22	16956445	110111	111111
chr22	17366493	110111	111111
chr22	18752106	110111	111111
chr22	18775018	110111	111111
chr22	18775424	110111	111111
chr22	18780513	110111	111111
chr22	20317542	110111	111111
chr22	20354187	110111	111111
chr22	20354198	110111	111111
chr22	20457204	110111	111111
chr22	21044631	110111	111111
chr22	21494149	110111	111111
chr22	22620818	110111	111111
chr22	22620837	110111	111111
chr22	24009862	110111	111111
chr22	25071320	110111	111111
chr22	35563729	110111	111111
chr22	35888210	110111	111111
chr22	43475169	110111	111111
chr22	50585962	110111	111111
chr22	51227891	110111	111111
chr22	16081115	110111	110111
chr22	16081329	110111	110111
chr22	16593244	110111	110111
chr22	21470346	110111	110111
chr22	36131201	110111	110111
chr22	19947360	001101	011111
chr22	16205497	001101	001101
chr22	18725820	110110	111111
chr22	18780549	110110	111111
chr22	45724050	110110	111111
chr22	48648411	110110	111111
chr22	16695096	011011	011111
chr22	17803329	011011	011111
chr22	18777620	011011	011111
chr22	23984557	011011	011111
chr22	31490809	011011	011111
chr22	34650943	011011	011111
chr22	37261103	011011	011111
chr22	38356058	011011	011111
chr22	39973374	011011	011111
chr22	42804056	011011	011111
chr22	43102850	011011	011111
chr22	43120628	011011	011111
chr22	49074954	011011	011111
chr22	19684423	011011	011011
chr22	18468148	011010	011111
chr22	16346113	111110	111111
chr22	17031725	111110	111111
chr22	17251988	111110	111111
chr22	17499512	111110	111111
chr22	21050417	111110	111111
chr22	21050418	111110	111111
chr22	22979565	111110	111111
chr22	51220848	111110	111111
chr22	16338055	111110	111110
chr22	25055412	111110	111110
chr22	16345547	101010	111111
chr22	44510273	101010	111111
chr22	21066930	101010	101010
chr22	44510264	101010	101010
chr22	16463039	101011	111111
chr22	17030334	101011	111111
chr22	19022175	101011	111111
chr22	20449216	101011	111111
chr22	25663036	101011	111111
chr22	16907044	000101	000111
chr22	17834586	000101	000111
chr22	17876036	000101	000111
chr22	18156273	000101	000111
chr22	19113116	000101	000111
chr22	19599810	000101	000111
chr22	19936614	000101	000111
chr22	21711464	000101	000111
chr22	22394558	000101	000111
chr22	23292617	000101	000111
chr22	23568920	000101	000111
chr22	23617451	000101	000111
chr22	23640936	000101	000111
chr22	24170809	000101	000111
chr22	25215933	000101	000111
chr22	25383763	000101	000111
chr22	25809077	000101	000111
chr22	26189763	000101	000111
chr22	26474475	000101	000111
chr22	27243981	000101	000111
chr22	27501397	000101	000111
chr22	27675212	000101	000111
chr22	29274254	000101	000111
chr22	30485447	000101	000111
chr22	30840668	000101	000111
chr22	31003718	000101	000111
chr22	31269457	000101	000111
chr22	32104763	000101	000111
chr22	32437318	000101	000111
chr22	33134027	000101	000111
chr22	33831929	000101	000111
chr22	35237167	000101	000111
chr22	35483899	000101	000111
chr22	35663186	000101	000111
chr22	35831967	000101	000111
chr22	35956878	000101	000111
chr22	36692124	000101	000111
chr22	36937325	000101	000111
chr22	37561650	000101	000111
chr22	37655679	000101	000111
chr22	37746310	000101	000111
chr22	37953274	000101	000111
chr22	40514285	000101	000111
chr22	40649004	000101	000111
chr22	40698898	000101	000111
chr22	41263413	000101	000111
chr22	41856919	000101	000111
chr22	43111457	000101	000111
chr22	44230758	000101	000111
chr22	44849432	000101	000111
chr22	45284053	000101	000111
chr22	46025327	000101	000111
chr22	46685789	000101	000111
chr22	48145597	000101	000111
chr22	49627257	000101	000111
chr22	49776573	000101	000111
chr22	49877584	000101	000111
chr22	50886202	000101	000111
chr22	37154198	001001	011111
chr22	18572480	001001	001001
chr22	20449100	101110	111111
chr22	21732051	101110	111111
chr22	25022677	101110	111111
chr22	16099957	101110	101110
chr22	17373956	101101	111111
chr22	25336642	101101	101101
chr22	25336646	101101	101101
chr22	48978581	101100	101100
chr22	16662102	011110	011111
chr22	19327055	011110	011111
chr22	22207780	011110	011111
chr22	23321922	011110	011111
chr22	25070472	011110	011111
chr22	25796459	011110	011111
chr22	30514523	011110	011111
chr22	30682684	011110	011111
chr22	31160144	011110	011111
chr22	31796718	011110	011111
chr22	33315497	011110	011111
chr22	33835617	011110	011111
chr22	39649802	011110	011111
chr22	40220136	011110	011111
chr22	40392852	011110	011111
chr22	42184444	011110	011111
chr22	45724132	011110	011111
chr22	46805172	011110	011111
chr22	47390270	011110	011111
