-----
Chromosome	Location	Original Code	New Code
-----
chr22	16340551	011100	111111
chr22	21718120	011100	011100
chr22	19947341	011101	111111
chr22	19947346	011101	111111
chr22	44510539	011101	111111
chr22	51229495	011101	111111
chr22	21625196	011001	111111
chr22	49074954	101000	101000
chr22	16231178	001011	001111
chr22	16364901	001011	001111
chr22	17778591	001011	001111
chr22	21063672	001011	001111
chr22	24876605	001011	001111
chr22	26095938	001011	001111
chr22	28722688	001011	001111
chr22	29538743	001011	001111
chr22	29986737	001011	001111
chr22	33505124	001011	001111
chr22	34670385	001011	001111
chr22	35789233	001011	001111
chr22	37814296	001011	001111
chr22	39427450	001011	001111
chr22	41099385	001011	001111
chr22	41175326	001011	001111
chr22	41595976	001011	001111
chr22	46123398	001011	001111
chr22	48243697	001011	001111
chr22	49981005	001011	001111
chr22	20298220	010100	010100
chr22	20470111	010100	010100
chr22	21718250	010001	010001
chr22	21718261	010001	010001
chr22	50561172	010001	010001
chr22	16210881	111011	111111
chr22	16236958	111011	111111
chr22	16346070	111011	111111
chr22	16394113	111011	111111
chr22	16661659	111011	111111
chr22	16695829	111011	111111
chr22	16912381	111011	111111
chr22	16912385	111011	111111
chr22	16952978	111011	111111
chr22	18791326	111011	111111
chr22	20324038	111011	111111
chr22	20354187	111011	111111
chr22	20624711	111011	111111
chr22	21505702	111011	111111
chr22	21680702	111011	111111
chr22	21735049	111011	111111
chr22	22645583	111011	111111
chr22	25016121	111011	111111
chr22	25741902	111011	111111
chr22	31959196	111011	111111
chr22	47000916	111011	111111
chr22	47167999	111011	111111
chr22	47255448	111011	111111
chr22	16210642	111011	111011
chr22	16446210	111011	111011
chr22	36131220	111011	111011
chr22	43202339	111011	111011
chr22	21066942	111010	111111
chr22	38626051	111010	111111
chr22	16695096	111010	111010
chr22	45724050	111010	111010
chr22	16241994	001110	001111
chr22	18127784	001110	001111
chr22	19578898	001110	001111
chr22	19665779	001110	001111
chr22	20322149	001110	001111
chr22	20326228	001110	001111
chr22	20470617	001110	001111
chr22	21626227	001110	001111
chr22	28164735	001110	001111
chr22	28223663	001110	001111
chr22	30293588	001110	001111
chr22	34983655	001110	001111
chr22	35465034	001110	001111
chr22	36302429	001110	001111
chr22	36573036	001110	001111
chr22	41449079	001110	001111
chr22	43246015	001110	001111
chr22	43675499	001110	001111
chr22	44632074	001110	001111
chr22	46584142	001110	001111
chr22	50491347	001110	001111
chr22	50978454	001110	001111
chr22	20491664	001110	001110
chr22	16406130	100110	100110
chr22	20449216	010111	111111
chr22	25022677	010111	111111
chr22	16338055	110001	111111
chr22	49233160	110001	110001
chr22	21718264	010110	111111
chr22	24369327	010110	111111
chr22	24369345	010110	111111
chr22	31780464	010010	010010
chr22	31780471	010010	010010
chr22	31780473	010010	010010
chr22	31780481	010010	010010
chr22	49122409	010011	111111
chr22	43030870	110101	111111
chr22	51216679	110101	111111
chr22	17373889	111000	111111
chr22	17373956	111000	111111
chr22	25071320	111001	111111
chr22	42963183	111001	111001
chr22	42963187	111001	111001
chr22	16984522	111101	111111
chr22	18789625	111101	111111
chr22	19947347	111101	111111
chr22	21548497	111101	111111
chr22	21665308	111101	111111
chr22	22643421	111101	111111
chr22	22979131	111101	111111
chr22	23653555	111101	111111
chr22	25071286	111101	111111
chr22	35888203	111101	111111
chr22	51211980	111101	111111
chr22	18844942	111101	111101
chr22	20502333	111101	111101
chr22	18802480	111100	111111
chr22	35888210	111100	111111
chr22	45724132	111100	111111
chr22	21720452	111100	111100
chr22	30275794	000011	001111
chr22	38059535	000110	001111
chr22	38928587	000110	001111
chr22	39037979	000110	000110
chr22	50830787	000110	000110
chr22	50467610	100011	100011
chr22	20176165	000111	001111
chr22	20464295	000111	001111
chr22	22627096	000111	001111
chr22	22632740	000111	001111
chr22	24385079	000111	001111
chr22	27713182	000111	001111
chr22	33525971	000111	001111
chr22	35205361	000111	001111
chr22	36491590	000111	001111
chr22	41822464	000111	001111
chr22	42548055	000111	001111
chr22	44414120	000111	001111
chr22	50467368	000111	001111
chr22	16061992	101111	111111
chr22	16096159	101111	111111
chr22	16099957	101111	111111
chr22	16237555	101111	111111
chr22	16345547	101111	111111
chr22	17030334	101111	111111
chr22	18655607	101111	111111
chr22	18787128	101111	111111
chr22	18838782	101111	111111
chr22	20320655	101111	111111
chr22	24010403	101111	111111
chr22	25015903	101111	111111
chr22	32690758	101111	111111
chr22	38183470	101111	111111
chr22	45280557	101111	111111
chr22	49074933	101111	111111
chr22	21517491	101111	101111
chr22	20486571	100100	100100
chr22	16507651	100101	111111
chr22	49793383	100101	100101
chr22	21570790	100001	100001
chr22	25336700	110011	110011
chr22	25336704	110011	110011
chr22	50066435	110011	110011
chr22	21961271	001100	001111
chr22	24323878	001100	001111
chr22	40767848	001100	001111
chr22	16151692	110111	111111
chr22	16365117	110111	111111
chr22	16387795	110111	111111
chr22	16463039	110111	111111
chr22	20298581	110111	111111
chr22	21494149	110111	111111
chr22	21732051	110111	111111
chr22	24651330	110111	111111
chr22	24657872	110111	111111
chr22	34950070	110111	111111
chr22	35563315	110111	111111
chr22	35887894	110111	111111
chr22	42914974	110111	111111
chr22	47999083	110111	111111
chr22	49951778	110111	111111
chr22	50253683	110111	111111
chr22	17842417	001101	001111
chr22	21685534	001101	001111
chr22	23842508	001101	001111
chr22	23982728	001101	001111
chr22	26927916	001101	001111
chr22	28753822	001101	001111
chr22	29077210	001101	001111
chr22	29188109	001101	001111
chr22	30907301	001101	001111
chr22	32428501	001101	001111
chr22	32452966	001101	001111
chr22	32488896	001101	001111
chr22	36075179	001101	001111
chr22	38932911	001101	001111
chr22	40655351	001101	001111
chr22	43019323	001101	001111
chr22	45794249	001101	001111
chr22	48661770	001101	001111
chr22	42900178	001101	001101
chr22	16990407	110110	111111
chr22	18823741	110110	110110
chr22	16662102	011011	111111
chr22	24651963	011011	111111
chr22	21549028	011010	111111
chr22	31780474	011010	111111
chr22	16354754	111110	111111
chr22	16973063	111110	111111
chr22	18774367	111110	111111
chr22	19684398	111110	111111
chr22	20627980	111110	111111
chr22	21038134	111110	111111
chr22	21515683	111110	111111
chr22	21665168	111110	111111
chr22	22648830	111110	111111
chr22	22970974	111110	111111
chr22	25701126	111110	111111
chr22	25701127	111110	111111
chr22	49122311	111110	111111
chr22	49247229	111110	111111
chr22	51182399	111110	111111
chr22	16250862	111110	111110
chr22	45140591	101010	111111
chr22	16288255	101011	111111
chr22	20449100	101011	111111
chr22	44510591	101011	101011
chr22	21950069	000101	001111
chr22	43723109	000101	001111
chr22	18802400	000101	000101
chr22	34846401	001001	001111
chr22	37724024	001001	001111
chr22	22980270	101110	111111
chr22	48648081	101110	111111
chr22	48648411	101110	111111
chr22	50066469	101110	101110
chr22	16898206	101101	101101
chr22	18748118	101101	101101
chr22	45740928	001010	001111
chr22	49074950	001010	001111
chr22	20856226	001010	001010
chr22	16081329	011110	111111
chr22	16364923	011110	111111
chr22	47000776	011110	111111
chr22	48875205	011110	111111
chr22	16365289	011110	011110
chr22	18752145	011110	011110
chr22	44509392	101001	111111
chr22	16288716	011111	111111
chr22	16649937	011111	111111
chr22	17503328	011111	111111
chr22	18725820	011111	111111
chr22	18843741	011111	111111
chr22	21586643	011111	111111
chr22	24692619	011111	111111
chr22	39386819	011111	111111
chr22	48875229	011111	111111
chr22	48875260	011111	111111
chr22	50066487	011111	111111
chr22	50467481	011111	111111
chr22	51118478	011111	111111
chr22	51121192	011111	111111
chr22	51215028	011111	111111
chr22	16074753	011111	011111
chr22	16993557	011111	011111
