-----
Chromosome	Location	Original Code	New Code
-----
chr22	20354187	011100	011111
chr22	23250881	011100	011111
chr22	31728692	011100	011111
chr22	49132199	011100	011111
chr22	16540035	011100	011100
chr22	23251045	011100	011100
chr22	17239257	011101	011111
chr22	19684429	011101	011111
chr22	20935820	011101	011111
chr22	24400312	011101	011111
chr22	26307492	011101	011111
chr22	27609624	011101	011111
chr22	29104516	011101	011111
chr22	31493387	011101	011111
chr22	34302492	011101	011111
chr22	37326098	011101	011111
chr22	39118335	011101	011111
chr22	41900145	011101	011111
chr22	42770221	011101	011111
chr22	44441496	011101	011111
chr22	44510515	011101	011111
chr22	46562694	011101	011111
chr22	46876930	011101	011111
chr22	46911219	011101	011111
chr22	48787355	011101	011111
chr22	49074950	011101	011111
chr22	49074954	011101	011111
chr22	49467103	011101	011111
chr22	49799321	011101	011111
chr22	49912739	011101	011111
chr22	22914345	101000	101000
chr22	16340551	001011	011111
chr22	18904502	001011	011111
chr22	24323878	001011	011111
chr22	32615559	001011	011111
chr22	44675409	001011	011111
chr22	18729345	001011	001011
chr22	32143646	010101	011111
chr22	36995587	010101	011111
chr22	18572472	010100	010100
chr22	20853117	010001	011111
chr22	43564286	010001	011111
chr22	16113004	111011	111111
chr22	16145512	111011	111111
chr22	16208762	111011	111111
chr22	16288255	111011	111111
chr22	17373956	111011	111111
chr22	17375523	111011	111111
chr22	18655607	111011	111111
chr22	18752106	111011	111111
chr22	18831620	111011	111111
chr22	20490447	111011	111111
chr22	20627068	111011	111111
chr22	20705118	111011	111111
chr22	21050335	111011	111111
chr22	21063672	111011	111111
chr22	22979131	111011	111111
chr22	23653555	111011	111111
chr22	24692619	111011	111111
chr22	25663036	111011	111111
chr22	44678726	111011	111111
chr22	44678727	111011	111111
chr22	47986036	111011	111111
chr22	49122311	111011	111111
chr22	21470346	111011	111011
chr22	16406130	111010	111111
chr22	20320655	111010	111111
chr22	21483320	111010	111111
chr22	50467481	111010	111010
chr22	17313350	001110	011111
chr22	19567806	001110	011111
chr22	21718250	001110	011111
chr22	32139559	001110	011111
chr22	34255005	001110	011111
chr22	35409680	001110	011111
chr22	51227891	001110	011111
chr22	16236958	100111	111111
chr22	16695096	100111	111111
chr22	29813253	100111	111111
chr22	48648411	100111	111111
chr22	16223418	100111	100111
chr22	16520605	001111	011111
chr22	17085759	001111	011111
chr22	18303962	001111	011111
chr22	21201609	001111	011111
chr22	21974395	001111	011111
chr22	22453998	001111	011111
chr22	23238192	001111	011111
chr22	26641973	001111	011111
chr22	28974166	001111	011111
chr22	29254591	001111	011111
chr22	29400791	001111	011111
chr22	32146487	001111	011111
chr22	32760208	001111	011111
chr22	33379208	001111	011111
chr22	35322264	001111	011111
chr22	35671228	001111	011111
chr22	36131663	001111	011111
chr22	37712488	001111	011111
chr22	41099823	001111	011111
chr22	41107961	001111	011111
chr22	41760737	001111	011111
chr22	44518694	001111	011111
chr22	44705235	001111	011111
chr22	45044555	001111	011111
chr22	45986501	001111	011111
chr22	46034828	001111	011111
chr22	48989342	001111	011111
chr22	49791046	001111	011111
chr22	49074865	110000	110000
chr22	49696558	110000	110000
chr22	16520591	010111	011111
chr22	16649937	010111	011111
chr22	17120302	010111	011111
chr22	18303989	010111	011111
chr22	18786890	010111	011111
chr22	18904544	010111	011111
chr22	22348879	010111	011111
chr22	23247793	010111	011111
chr22	23441978	010111	011111
chr22	24403430	010111	011111
chr22	24779451	010111	011111
chr22	25290099	010111	011111
chr22	25345788	010111	011111
chr22	25906281	010111	011111
chr22	26093509	010111	011111
chr22	26304349	010111	011111
chr22	28773553	010111	011111
chr22	30994640	010111	011111
chr22	33067942	010111	011111
chr22	33334826	010111	011111
chr22	33342123	010111	011111
chr22	34247858	010111	011111
chr22	35041439	010111	011111
chr22	36123467	010111	011111
chr22	36987402	010111	011111
chr22	37651173	010111	011111
chr22	37820314	010111	011111
chr22	38781082	010111	011111
chr22	42037077	010111	011111
chr22	44683586	010111	011111
chr22	45422057	010111	011111
chr22	45994985	010111	011111
chr22	46571188	010111	011111
chr22	46699083	010111	011111
chr22	46756072	010111	011111
chr22	48513361	010111	011111
chr22	50519746	010111	011111
chr22	50534478	010111	011111
chr22	21494149	010110	011111
chr22	22694085	010110	011111
chr22	25022677	010110	011111
chr22	32243043	010110	011111
chr22	16078974	010011	011111
chr22	16507651	010011	011111
chr22	17405951	010011	011111
chr22	20706869	010011	011111
chr22	46385669	010011	011111
chr22	20449100	110101	111111
chr22	20486571	111000	111111
chr22	35563729	111001	111001
chr22	16081329	111101	111111
chr22	16387795	111101	111111
chr22	16941074	111101	111111
chr22	17358260	111101	111111
chr22	18780513	111101	111111
chr22	18832087	111101	111111
chr22	18904875	111101	111111
chr22	21548497	111101	111111
chr22	22620837	111101	111111
chr22	24010403	111101	111111
chr22	24647463	111101	111111
chr22	24651963	111101	111111
chr22	24652371	111101	111111
chr22	25070472	111101	111111
chr22	25902141	111101	111111
chr22	42967403	111101	111111
chr22	43030870	111101	111111
chr22	51118478	111101	111111
chr22	16571243	111101	111101
chr22	18844942	111101	111101
chr22	16302297	111100	111111
chr22	16345549	111100	111111
chr22	16347827	111100	111111
chr22	18802480	111100	111111
chr22	48128434	111100	111111
chr22	49006383	111100	111111
chr22	51121148	111100	111100
chr22	17124141	000110	000111
chr22	19058690	000110	000111
chr22	19755111	000110	000111
chr22	20198585	000110	000111
chr22	21223767	000110	000111
chr22	22301340	000110	000111
chr22	22572660	000110	000111
chr22	22782384	000110	000111
chr22	22965395	000110	000111
chr22	23155182	000110	000111
chr22	24151534	000110	000111
chr22	24221388	000110	000111
chr22	25573364	000110	000111
chr22	25902589	000110	000111
chr22	25990290	000110	000111
chr22	26780938	000110	000111
chr22	27707392	000110	000111
chr22	27711624	000110	000111
chr22	29144517	000110	000111
chr22	30146447	000110	000111
chr22	30243229	000110	000111
chr22	30317985	000110	000111
chr22	30401426	000110	000111
chr22	30430776	000110	000111
chr22	30600753	000110	000111
chr22	31194170	000110	000111
chr22	32566772	000110	000111
chr22	32622670	000110	000111
chr22	32864600	000110	000111
chr22	32948138	000110	000111
chr22	32964229	000110	000111
chr22	33325906	000110	000111
chr22	33395446	000110	000111
chr22	35419113	000110	000111
chr22	35632401	000110	000111
chr22	36253532	000110	000111
chr22	37055067	000110	000111
chr22	37933047	000110	000111
chr22	38868105	000110	000111
chr22	39213569	000110	000111
chr22	39552397	000110	000111
chr22	39800642	000110	000111
chr22	40219014	000110	000111
chr22	40305126	000110	000111
chr22	40392479	000110	000111
chr22	42118662	000110	000111
chr22	43069183	000110	000111
chr22	44177448	000110	000111
chr22	46803496	000110	000111
chr22	46989428	000110	000111
chr22	47195367	000110	000111
chr22	48261655	000110	000111
chr22	48991137	000110	000111
chr22	49855892	000110	000111
chr22	50022806	000110	000111
chr22	50207888	000110	000111
chr22	50649173	000110	000111
chr22	27140672	000110	000110
chr22	16061992	101111	111111
chr22	16136115	101111	111111
chr22	16538427	101111	111111
chr22	16661659	101111	111111
chr22	16696591	101111	111111
chr22	16878305	101111	111111
chr22	17030334	101111	111111
chr22	17031725	101111	111111
chr22	18789062	101111	111111
chr22	18789625	101111	111111
chr22	18791458	101111	111111
chr22	18926421	101111	111111
chr22	20320229	101111	111111
chr22	20457060	101111	111111
chr22	20640732	101111	111111
chr22	21044637	101111	111111
chr22	21044663	101111	111111
chr22	21605678	101111	111111
chr22	21718120	101111	111111
chr22	21718261	101111	111111
chr22	47999083	101111	111111
chr22	49951798	101111	111111
chr22	50066435	101111	111111
chr22	31780464	100100	100100
chr22	48648660	100100	100100
chr22	31780471	100101	111111
chr22	31780473	100101	111111
chr22	31780474	100101	111111
chr22	16208767	110011	111111
chr22	16897762	110011	111111
chr22	18774367	110011	111111
chr22	24369327	110011	111111
chr22	24369345	110011	111111
chr22	22980270	110011	110011
chr22	51229495	110010	111111
chr22	29387135	001100	011111
chr22	16078893	110111	111111
chr22	16464716	110111	111111
chr22	16661840	110111	111111
chr22	16955471	110111	111111
chr22	16973063	110111	111111
chr22	16990407	110111	111111
chr22	18728211	110111	111111
chr22	18843741	110111	111111
chr22	20315929	110111	111111
chr22	20394502	110111	111111
chr22	21044631	110111	111111
chr22	21549028	110111	111111
chr22	21592544	110111	111111
chr22	22991257	110111	111111
chr22	24660074	110111	111111
chr22	25016121	110111	111111
chr22	25055412	110111	111111
chr22	42905055	110111	111111
chr22	47255448	110111	111111
chr22	48648081	110111	111111
chr22	50196281	110111	111111
chr22	16139746	110111	110111
chr22	16161637	110111	110111
chr22	16661856	110111	110111
chr22	18823741	110111	110111
chr22	45724050	110111	110111
chr22	51121192	110111	110111
chr22	16655722	001101	011111
chr22	21593409	001101	011111
chr22	25002815	001101	011111
chr22	31460925	001101	011111
chr22	42045202	001101	011111
chr22	43858057	001101	011111
chr22	44509392	001101	011111
chr22	16250862	110110	111111
chr22	16302337	110110	111111
chr22	20449216	110110	111111
chr22	21819437	110110	111111
chr22	24009444	110110	111111
chr22	24673494	110110	111111
chr22	25071286	110110	111111
chr22	44510591	110110	111111
chr22	16319276	011011	011111
chr22	16943024	011011	011111
chr22	18076072	011011	011111
chr22	20935896	011011	011111
chr22	21905865	011011	011111
chr22	22858460	011011	011111
chr22	23247954	011011	011111
chr22	25395967	011011	011111
chr22	25576055	011011	011111
chr22	25881582	011011	011111
chr22	26901313	011011	011111
chr22	28060444	011011	011111
chr22	28770621	011011	011111
chr22	29112153	011011	011111
chr22	32650542	011011	011111
chr22	33175061	011011	011111
chr22	34110362	011011	011111
chr22	36300701	011011	011111
chr22	36693546	011011	011111
chr22	37317934	011011	011111
chr22	38145014	011011	011111
chr22	39223580	011011	011111
chr22	40224454	011011	011111
chr22	41682586	011011	011111
chr22	42778412	011011	011111
chr22	43536497	011011	011111
chr22	44216034	011011	011111
chr22	45118541	011011	011111
chr22	45413925	011011	011111
chr22	46707572	011011	011111
chr22	46748586	011011	011111
chr22	46902717	011011	011111
chr22	48913375	011011	011111
chr22	49194960	011011	011111
chr22	49203259	011011	011111
chr22	50456849	011011	011111
chr22	19947347	011010	011111
chr22	22981754	011010	011111
chr22	25017267	011010	011111
chr22	25985888	011010	011111
chr22	33168077	011010	011111
chr22	46377173	011010	011111
chr22	19947359	011010	011010
chr22	16104668	111110	111111
chr22	16142365	111110	111111
chr22	16345547	111110	111111
chr22	16352240	111110	111111
chr22	16364490	111110	111111
chr22	16364901	111110	111111
chr22	16364923	111110	111111
chr22	16463039	111110	111111
chr22	16487991	111110	111111
chr22	16647946	111110	111111
chr22	16691242	111110	111111
chr22	16898206	111110	111111
chr22	16990392	111110	111111
chr22	17005083	111110	111111
chr22	17005085	111110	111111
chr22	20491664	111110	111111
chr22	21520872	111110	111111
chr22	22970974	111110	111111
chr22	24195832	111110	111111
chr22	25071320	111110	111111
chr22	35563315	111110	111111
chr22	45280557	111110	111111
chr22	51224899	111110	111111
chr22	21687283	111110	111110
chr22	36131220	111110	111110
chr22	20298220	101010	111111
chr22	51123920	101011	111111
chr22	50467610	101011	101011
chr22	17520053	000101	000111
chr22	19135039	000101	000111
chr22	19213702	000101	000111
chr22	19919864	000101	000111
chr22	20040189	000101	000111
chr22	21277077	000101	000111
chr22	21333826	000101	000111
chr22	21792682	000101	000111
chr22	22309261	000101	000111
chr22	22627000	000101	000111
chr22	23506937	000101	000111
chr22	24457429	000101	000111
chr22	24945971	000101	000111
chr22	25020643	000101	000111
chr22	25455177	000101	000111
chr22	25579925	000101	000111
chr22	25619938	000101	000111
chr22	25727875	000101	000111
chr22	25744585	000101	000111
chr22	26016476	000101	000111
chr22	26482901	000101	000111
chr22	27791955	000101	000111
chr22	30302468	000101	000111
chr22	31202780	000101	000111
chr22	31630556	000101	000111
chr22	32063919	000101	000111
chr22	34357643	000101	000111
chr22	34697796	000101	000111
chr22	34927941	000101	000111
chr22	35146639	000101	000111
chr22	35936479	000101	000111
chr22	36130380	000101	000111
chr22	37117085	000101	000111
chr22	37567603	000101	000111
chr22	37645546	000101	000111
chr22	38153879	000101	000111
chr22	39138924	000101	000111
chr22	39387228	000101	000111
chr22	39475325	000101	000111
chr22	39957102	000101	000111
chr22	41451863	000101	000111
chr22	41737209	000101	000111
chr22	42466461	000101	000111
chr22	42639186	000101	000111
chr22	43045270	000101	000111
chr22	44740723	000101	000111
chr22	44803540	000101	000111
chr22	45191649	000101	000111
chr22	45945151	000101	000111
chr22	46128334	000101	000111
chr22	46633211	000101	000111
chr22	47482096	000101	000111
chr22	48163917	000101	000111
chr22	48623925	000101	000111
chr22	48940963	000101	000111
chr22	49058758	000101	000111
chr22	49331539	000101	000111
chr22	49621202	000101	000111
chr22	50965432	000101	000111
chr22	51119804	000101	000111
chr22	51157267	000101	000111
chr22	51218568	000101	000111
chr22	27756219	000101	000101
chr22	36510216	000101	000101
chr22	41370203	000101	000101
chr22	21602657	101110	111111
chr22	24009862	101110	111111
chr22	35888210	101110	111111
chr22	39386819	101110	111111
chr22	24009879	101110	101110
chr22	28732923	101101	111111
chr22	20298581	101100	111111
chr22	16113002	001010	011111
chr22	17373889	001010	001010
chr22	16099957	011110	011111
chr22	16546581	011110	011111
chr22	17515797	011110	011111
chr22	17871608	011110	011111
chr22	18076059	011110	011111
chr22	18748118	011110	011111
chr22	18780549	011110	011111
chr22	19022175	011110	011111
chr22	19947341	011110	011111
chr22	22352063	011110	011111
chr22	23919927	011110	011111
chr22	25088454	011110	011111
chr22	25293255	011110	011111
chr22	25476086	011110	011111
chr22	25884735	011110	011111
chr22	27612548	011110	011111
chr22	27618124	011110	011111
chr22	27621049	011110	011111
chr22	28971234	011110	011111
chr22	29023365	011110	011111
chr22	30831443	011110	011111
chr22	31254148	011110	011111
chr22	31490649	011110	011111
chr22	31938150	011110	011111
chr22	32383050	011110	011111
chr22	34103242	011110	011111
chr22	35663032	011110	011111
chr22	36308892	011110	011111
chr22	37386471	011110	011111
chr22	39215401	011110	011111
chr22	41024967	011110	011111
chr22	41380303	011110	011111
chr22	41690729	011110	011111
chr22	41867917	011110	011111
chr22	44224207	011110	011111
chr22	44582255	011110	011111
chr22	45933516	011110	011111
chr22	47613217	011110	011111
chr22	49217237	011110	011111
chr22	49475382	011110	011111
chr22	50507688	011110	011111
chr22	51130090	011110	011111
chr22	49793383	101001	101001
