-----
Chromosome	Location	Original Code	New Code
-----
chr22	47000916	011100	111111
chr22	16250862	011100	011100
chr22	16208767	011101	011101
chr22	17373956	011001	111111
chr22	20627265	011001	111111
chr22	49074950	011001	111111
chr22	49074954	011001	111111
chr22	31780464	101000	101000
chr22	49122409	101000	101000
chr22	16101380	001011	001111
chr22	18150940	001011	001111
chr22	18374062	001011	001111
chr22	19799794	001011	001111
chr22	20755098	001011	001111
chr22	20883746	001011	001111
chr22	21402428	001011	001111
chr22	22283983	001011	001111
chr22	23326098	001011	001111
chr22	23719735	001011	001111
chr22	26865731	001011	001111
chr22	27496897	001011	001111
chr22	29112761	001011	001111
chr22	30475892	001011	001111
chr22	31293112	001011	001111
chr22	32164847	001011	001111
chr22	32709234	001011	001111
chr22	32783021	001011	001111
chr22	33318251	001011	001111
chr22	33384176	001011	001111
chr22	35583715	001011	001111
chr22	38059921	001011	001111
chr22	38916168	001011	001111
chr22	39244904	001011	001111
chr22	39311330	001011	001111
chr22	40366871	001011	001111
chr22	41075450	001011	001111
chr22	41264862	001011	001111
chr22	41399669	001011	001111
chr22	41509390	001011	001111
chr22	42590363	001011	001111
chr22	43404386	001011	001111
chr22	44509903	001011	001111
chr22	44588355	001011	001111
chr22	45160493	001011	001111
chr22	47479284	001011	001111
chr22	47535484	001011	001111
chr22	47688273	001011	001111
chr22	48314421	001011	001111
chr22	48573968	001011	001111
chr22	49074978	001011	001111
chr22	49365905	001011	001111
chr22	49726592	001011	001111
chr22	51142281	001011	001111
chr22	36130988	001011	001011
chr22	51120870	001011	001011
chr22	21718239	010101	111111
chr22	21549028	010001	010001
chr22	45329614	010001	010001
chr22	16302337	111011	111111
chr22	16345547	111011	111111
chr22	16384689	111011	111111
chr22	16387795	111011	111111
chr22	17030334	111011	111111
chr22	17389912	111011	111111
chr22	18841052	111011	111111
chr22	20322773	111011	111111
chr22	20491664	111011	111111
chr22	20706869	111011	111111
chr22	22975138	111011	111111
chr22	23242285	111011	111111
chr22	23242288	111011	111111
chr22	23661800	111011	111111
chr22	25016121	111011	111111
chr22	25043619	111011	111111
chr22	44509392	111011	111111
chr22	47413067	111011	111111
chr22	16290641	111011	111011
chr22	18738469	111011	111011
chr22	22979131	111011	111011
chr22	49793383	111011	111011
chr22	18791458	111010	111111
chr22	16483294	001110	001111
chr22	17212662	001110	001111
chr22	18437501	001110	001111
chr22	19631903	001110	001111
chr22	19830801	001110	001111
chr22	20924139	001110	001111
chr22	21588397	001110	001111
chr22	21602657	001110	001111
chr22	22337455	001110	001111
chr22	25433981	001110	001111
chr22	27421138	001110	001111
chr22	28356521	001110	001111
chr22	30024711	001110	001111
chr22	30953560	001110	001111
chr22	32238927	001110	001111
chr22	32413194	001110	001111
chr22	32736443	001110	001111
chr22	34736830	001110	001111
chr22	34884169	001110	001111
chr22	35241030	001110	001111
chr22	35955888	001110	001111
chr22	37746517	001110	001111
chr22	37943763	001110	001111
chr22	39807194	001110	001111
chr22	40304736	001110	001111
chr22	41168574	001110	001111
chr22	42572199	001110	001111
chr22	43572260	001110	001111
chr22	45728088	001110	001111
chr22	46628218	001110	001111
chr22	47034660	001110	001111
chr22	47774877	001110	001111
chr22	48488270	001110	001111
chr22	50104971	001110	001111
chr22	16251281	100111	111111
chr22	16340551	100111	111111
chr22	16406130	100111	111111
chr22	21548497	100111	111111
chr22	21718120	100111	111111
chr22	19688483	100110	111111
chr22	25336700	100110	100110
chr22	25336704	100110	100110
chr22	25336718	100110	100110
chr22	21575800	010111	111111
chr22	48439986	010111	111111
chr22	49258245	010111	111111
chr22	20486571	010111	010111
chr22	17373889	110001	111111
chr22	49016539	110001	111111
chr22	16507651	010110	111111
chr22	38626051	010010	010010
chr22	39037979	010010	010010
chr22	49233160	010010	010010
chr22	33000524	110100	111111
chr22	47000811	010011	111111
chr22	18774367	110101	111111
chr22	19022175	110101	111111
chr22	25070472	110101	111111
chr22	42905055	110101	111111
chr22	49016546	110101	111111
chr22	35076455	110101	110101
chr22	21038134	111000	111000
chr22	49662219	111001	111111
chr22	16364923	111101	111111
chr22	16649937	111101	111111
chr22	16916066	111101	111111
chr22	17037230	111101	111111
chr22	18773792	111101	111111
chr22	18780549	111101	111111
chr22	18941153	111101	111111
chr22	19684423	111101	111111
chr22	19947346	111101	111111
chr22	19947347	111101	111111
chr22	20472967	111101	111111
chr22	21050319	111101	111111
chr22	21050335	111101	111111
chr22	21625385	111101	111111
chr22	21626227	111101	111111
chr22	35887894	111101	111111
chr22	47000866	111101	111111
chr22	50607268	111101	111111
chr22	16354754	111101	111101
chr22	21761139	111101	111101
chr22	18752106	111100	111111
chr22	21505702	111100	111111
chr22	48648081	111100	111111
chr22	48648411	111100	111111
chr22	18524185	000011	000111
chr22	18957947	000011	000111
chr22	19022582	000011	000111
chr22	19067770	000011	000111
chr22	19747640	000011	000111
chr22	20157629	000011	000111
chr22	20284683	000011	000111
chr22	20400556	000011	000111
chr22	20975179	000011	000111
chr22	21021572	000011	000111
chr22	21288152	000011	000111
chr22	22818641	000011	000111
chr22	23134272	000011	000111
chr22	23619046	000011	000111
chr22	23749056	000011	000111
chr22	24369345	000011	000111
chr22	24951992	000011	000111
chr22	25673779	000011	000111
chr22	25802396	000011	000111
chr22	25882520	000011	000111
chr22	25954327	000011	000111
chr22	26336135	000011	000111
chr22	26382271	000011	000111
chr22	26572607	000011	000111
chr22	26844254	000011	000111
chr22	27571537	000011	000111
chr22	28045580	000011	000111
chr22	28606657	000011	000111
chr22	28674825	000011	000111
chr22	28909044	000011	000111
chr22	28969055	000011	000111
chr22	29385061	000011	000111
chr22	29687698	000011	000111
chr22	30207880	000011	000111
chr22	30235832	000011	000111
chr22	30266883	000011	000111
chr22	30409830	000011	000111
chr22	30988929	000011	000111
chr22	31101968	000011	000111
chr22	31369507	000011	000111
chr22	31872128	000011	000111
chr22	32297457	000011	000111
chr22	32686235	000011	000111
chr22	32990367	000011	000111
chr22	33119496	000011	000111
chr22	33517245	000011	000111
chr22	33902820	000011	000111
chr22	35444805	000011	000111
chr22	36198473	000011	000111
chr22	36672175	000011	000111
chr22	36911941	000011	000111
chr22	37531564	000011	000111
chr22	38479873	000011	000111
chr22	38690386	000011	000111
chr22	38857779	000011	000111
chr22	39137456	000011	000111
chr22	39147286	000011	000111
chr22	40197220	000011	000111
chr22	42074683	000011	000111
chr22	42788486	000011	000111
chr22	43323903	000011	000111
chr22	44809237	000011	000111
chr22	45027132	000011	000111
chr22	45481802	000011	000111
chr22	45819023	000011	000111
chr22	46326771	000011	000111
chr22	46529045	000011	000111
chr22	47200357	000011	000111
chr22	48663314	000011	000111
chr22	49948972	000011	000111
chr22	36131201	000011	000011
chr22	16099957	000110	000111
chr22	16850099	000110	000111
chr22	17207720	000110	000111
chr22	19498860	000110	000111
chr22	21445194	000110	000111
chr22	21935984	000110	000111
chr22	22537078	000110	000111
chr22	23438369	000110	000111
chr22	23682133	000110	000111
chr22	23737970	000110	000111
chr22	25023693	000110	000111
chr22	25213759	000110	000111
chr22	25403810	000110	000111
chr22	26103880	000110	000111
chr22	26229740	000110	000111
chr22	26282832	000110	000111
chr22	26557997	000110	000111
chr22	27269787	000110	000111
chr22	27346369	000110	000111
chr22	27739025	000110	000111
chr22	28518678	000110	000111
chr22	29315534	000110	000111
chr22	30054881	000110	000111
chr22	30715021	000110	000111
chr22	31644527	000110	000111
chr22	32109542	000110	000111
chr22	32573439	000110	000111
chr22	32970592	000110	000111
chr22	33700827	000110	000111
chr22	34164119	000110	000111
chr22	34257097	000110	000111
chr22	35098328	000110	000111
chr22	35628671	000110	000111
chr22	36352254	000110	000111
chr22	36718592	000110	000111
chr22	36858246	000110	000111
chr22	37124124	000110	000111
chr22	37750659	000110	000111
chr22	37966582	000110	000111
chr22	39052584	000110	000111
chr22	39136459	000110	000111
chr22	40134443	000110	000111
chr22	40244227	000110	000111
chr22	41738981	000110	000111
chr22	42083210	000110	000111
chr22	42252053	000110	000111
chr22	42563529	000110	000111
chr22	42972525	000110	000111
chr22	43347547	000110	000111
chr22	43900999	000110	000111
chr22	45045932	000110	000111
chr22	45463843	000110	000111
chr22	45577201	000110	000111
chr22	46179140	000110	000111
chr22	46218116	000110	000111
chr22	46889513	000110	000111
chr22	47041246	000110	000111
chr22	47544356	000110	000111
chr22	48002118	000110	000111
chr22	48397666	000110	000111
chr22	49369882	000110	000111
chr22	49924286	000110	000111
chr22	50347580	000110	000111
chr22	50505868	000110	000111
chr22	20445596	000110	000110
chr22	48508635	000110	000110
chr22	16078974	100011	111111
chr22	16078893	101111	111111
chr22	16201713	101111	111111
chr22	16347827	101111	111111
chr22	16364901	101111	111111
chr22	16952978	101111	111111
chr22	17230121	101111	111111
chr22	17230141	101111	111111
chr22	17390526	101111	111111
chr22	18838782	101111	111111
chr22	20322149	101111	111111
chr22	20501608	101111	111111
chr22	21520872	101111	111111
chr22	21583977	101111	111111
chr22	21635607	101111	111111
chr22	24655282	101111	111111
chr22	42909274	101111	111111
chr22	43147207	101111	111111
chr22	51227891	101111	111111
chr22	16597156	101111	101111
chr22	21480192	101111	101111
chr22	21718250	100100	100100
chr22	16210642	100101	100101
chr22	19947360	100001	100001
chr22	19947361	100001	100001
chr22	16205497	110011	111111
chr22	16345549	110011	111111
chr22	16365289	110011	111111
chr22	21066942	110011	111111
chr22	21586643	110011	111111
chr22	50467481	110011	111111
chr22	19688482	110010	111111
chr22	20470617	110010	111111
chr22	25002815	110010	111111
chr22	17472758	001100	001111
chr22	18292931	001100	001111
chr22	23072046	001100	001111
chr22	31134576	001100	001111
chr22	32019034	001100	001111
chr22	35186714	001100	001111
chr22	47777988	001100	001111
chr22	48564116	001100	001111
chr22	16978368	110111	111111
chr22	16990407	110111	111111
chr22	17386251	110111	111111
chr22	18787761	110111	111111
chr22	18801179	110111	111111
chr22	20354187	110111	111111
chr22	20390063	110111	111111
chr22	20705118	110111	111111
chr22	21515683	110111	111111
chr22	21570790	110111	111111
chr22	25049562	110111	111111
chr22	25685739	110111	111111
chr22	35563775	110111	111111
chr22	49016553	110111	111111
chr22	51215028	110111	111111
chr22	18840863	110111	110111
chr22	16581274	001101	001111
chr22	17337935	001101	001111
chr22	18107196	001101	001111
chr22	18216816	001101	001111
chr22	19819620	001101	001111
chr22	19847312	001101	001111
chr22	19953531	001101	001111
chr22	22304238	001101	001111
chr22	22978877	001101	001111
chr22	23144398	001101	001111
chr22	23725518	001101	001111
chr22	23758347	001101	001111
chr22	23925078	001101	001111
chr22	23953732	001101	001111
chr22	24058705	001101	001111
chr22	24448020	001101	001111
chr22	24713539	001101	001111
chr22	25643999	001101	001111
chr22	25948722	001101	001111
chr22	26950198	001101	001111
chr22	27128316	001101	001111
chr22	27877876	001101	001111
chr22	28870236	001101	001111
chr22	28979965	001101	001111
chr22	30087965	001101	001111
chr22	32337291	001101	001111
chr22	32973746	001101	001111
chr22	33200437	001101	001111
chr22	34236130	001101	001111
chr22	34986144	001101	001111
chr22	35707508	001101	001111
chr22	36328998	001101	001111
chr22	36855618	001101	001111
chr22	37789675	001101	001111
chr22	38069863	001101	001111
chr22	38158799	001101	001111
chr22	38532351	001101	001111
chr22	39984392	001101	001111
chr22	40325310	001101	001111
chr22	40988951	001101	001111
chr22	45523095	001101	001111
chr22	46705209	001101	001111
chr22	47532499	001101	001111
chr22	49006054	001101	001111
chr22	49530838	001101	001111
chr22	50277254	001101	001111
chr22	50066435	001101	001101
chr22	16302297	110110	111111
chr22	35563729	110110	111111
chr22	16250790	011011	111111
chr22	16695096	011011	111111
chr22	20298220	011011	111111
chr22	20449100	011011	111111
chr22	43030870	011011	111111
chr22	16081329	011011	011011
chr22	16463039	111110	111111
chr22	16661840	111110	111111
chr22	16661856	111110	111111
chr22	18652023	111110	111111
chr22	20624711	111110	111111
chr22	21665308	111110	111111
chr22	21757334	111110	111111
chr22	22620818	111110	111111
chr22	22980270	111110	111111
chr22	23659643	111110	111111
chr22	23669869	111110	111111
chr22	23680589	111110	111111
chr22	24009444	111110	111111
chr22	25663036	111110	111111
chr22	50467091	111110	111111
chr22	38781082	111110	111110
chr22	24323878	101010	111111
chr22	18802400	101011	111111
chr22	20320655	101011	111111
chr22	20626695	101011	111111
chr22	25022677	101011	111111
chr22	19056728	001001	001111
chr22	24671207	001001	001111
chr22	30560013	001001	001111
chr22	42874620	001001	001111
chr22	44941275	001001	001111
chr22	49239912	001001	001111
chr22	51121148	001001	001111
chr22	20856226	001001	001001
chr22	25697952	101110	111111
chr22	16571243	101110	101110
chr22	21470346	101110	101110
chr22	16984522	101101	111111
chr22	49006383	101101	111111
chr22	21718261	101100	111111
chr22	50467610	101100	101100
chr22	20725188	001010	001111
chr22	46876299	001010	001111
chr22	20449216	011110	111111
chr22	45140591	011110	111111
chr22	51220848	011110	111111
chr22	21683529	101001	111111
chr22	16083573	011111	111111
chr22	16208762	011111	111111
chr22	16874804	011111	111111
chr22	16992298	011111	111111
chr22	17499512	011111	111111
chr22	20718029	011111	111111
chr22	21022550	011111	111111
chr22	22622990	011111	111111
chr22	24008699	011111	111111
chr22	24009879	011111	111111
chr22	45280557	011111	111111
chr22	48981270	011111	111111
chr22	49122311	011111	111111
chr22	49662220	011111	111111
chr22	49951798	011111	111111
chr22	51189403	011111	111111
chr22	51229495	011111	111111
chr22	17123175	011111	011111
