-----
Chromosome	Location	Original Code	New Code
-----
chr22	21066930	011100	011100
chr22	18789625	011101	111111
chr22	36131220	011101	111111
chr22	21720452	011101	011101
chr22	50830787	011101	011101
chr22	25336642	011001	011001
chr22	19758938	101000	101000
chr22	20397876	101000	101000
chr22	20789945	101000	101000
chr22	21297267	101000	101000
chr22	23973587	101000	101000
chr22	25913027	101000	101000
chr22	27648309	101000	101000
chr22	32883310	101000	101000
chr22	37467145	101000	101000
chr22	39961841	101000	101000
chr22	45301402	101000	101000
chr22	45864173	101000	101000
chr22	46687459	101000	101000
chr22	49203386	101000	101000
chr22	44509392	001011	001011
chr22	48875260	010101	111111
chr22	19688482	010100	010100
chr22	19688483	010100	010100
chr22	47293811	010100	010100
chr22	33000524	010001	010001
chr22	16302077	111011	111111
chr22	16387131	111011	111111
chr22	16507651	111011	111111
chr22	16661856	111011	111111
chr22	18684929	111011	111111
chr22	18791458	111011	111111
chr22	18801179	111011	111111
chr22	20320655	111011	111111
chr22	20322149	111011	111111
chr22	20470617	111011	111111
chr22	20474524	111011	111111
chr22	24009444	111011	111111
chr22	24010477	111011	111111
chr22	24692619	111011	111111
chr22	25002815	111011	111111
chr22	25016442	111011	111111
chr22	26790441	111011	111111
chr22	42905055	111011	111111
chr22	45183831	111011	111111
chr22	47000761	111011	111111
chr22	47000776	111011	111111
chr22	48648660	111011	111111
chr22	48648663	111011	111111
chr22	48875163	111011	111111
chr22	49951798	111011	111111
chr22	51227891	111011	111111
chr22	16411235	111011	111011
chr22	16411253	111011	111011
chr22	16661659	111011	111011
chr22	18725820	111010	111111
chr22	18843741	111010	111111
chr22	18904875	111010	111111
chr22	20324038	111010	111111
chr22	24369345	111010	111111
chr22	43030870	111010	111111
chr22	16364901	001110	111111
chr22	20298220	001110	111111
chr22	16384689	001111	111111
chr22	19947347	001111	111111
chr22	43202339	001111	001111
chr22	16959138	100110	100111
chr22	17584631	100110	100111
chr22	20246560	100110	100111
chr22	21718264	100110	100111
chr22	22358779	100110	100111
chr22	24021549	100110	100111
chr22	24462442	100110	100111
chr22	25514995	100110	100111
chr22	27325660	100110	100111
chr22	27696368	100110	100111
chr22	31085242	100110	100111
chr22	31431247	100110	100111
chr22	35304099	100110	100111
chr22	36355068	100110	100111
chr22	37574367	100110	100111
chr22	38566450	100110	100111
chr22	39666528	100110	100111
chr22	40504037	100110	100111
chr22	42253118	100110	100111
chr22	45075037	100110	100111
chr22	45908380	100110	100111
chr22	47748987	100110	100111
chr22	48952543	100110	100111
chr22	49194740	100110	100111
chr22	49408404	100110	100111
chr22	50721144	100110	100111
chr22	20364089	100110	100110
chr22	22914345	100110	100110
chr22	21718250	110000	110000
chr22	22580928	110000	110000
chr22	25850693	110000	110000
chr22	26942799	110000	110000
chr22	33071262	110000	110000
chr22	34103063	110000	110000
chr22	35360194	110000	110000
chr22	39397596	110000	110000
chr22	39645501	110000	110000
chr22	40427118	110000	110000
chr22	41491296	110000	110000
chr22	42036978	110000	110000
chr22	42055744	110000	110000
chr22	42322971	110000	110000
chr22	43202338	110000	110000
chr22	45503266	110000	110000
chr22	47984071	110000	110000
chr22	49233160	110000	110000
chr22	49258220	110000	110000
chr22	49474323	110000	110000
chr22	44509903	010111	111111
chr22	21602657	010110	111111
chr22	44510591	010110	111111
chr22	16346070	110101	111111
chr22	16387795	110101	111111
chr22	47000916	110101	111111
chr22	24369327	111000	111111
chr22	50467481	111000	111111
chr22	16097944	111000	111000
chr22	16148585	111000	111000
chr22	16299732	111000	111000
chr22	16340916	111000	111000
chr22	16378923	111000	111000
chr22	16954100	111000	111000
chr22	16959608	111000	111000
chr22	16982784	111000	111000
chr22	17298683	111000	111000
chr22	17529923	111000	111000
chr22	17623940	111000	111000
chr22	17769691	111000	111000
chr22	17859261	111000	111000
chr22	17924667	111000	111000
chr22	18029657	111000	111000
chr22	18406807	111000	111000
chr22	18527312	111000	111000
chr22	18770681	111000	111000
chr22	19129778	111000	111000
chr22	19269431	111000	111000
chr22	19397902	111000	111000
chr22	19541220	111000	111000
chr22	19637172	111000	111000
chr22	20161012	111000	111000
chr22	20224417	111000	111000
chr22	20768815	111000	111000
chr22	20827891	111000	111000
chr22	21231322	111000	111000
chr22	21941024	111000	111000
chr22	22009010	111000	111000
chr22	22103101	111000	111000
chr22	22141994	111000	111000
chr22	22163365	111000	111000
chr22	22172231	111000	111000
chr22	22205147	111000	111000
chr22	22409417	111000	111000
chr22	22758381	111000	111000
chr22	23373564	111000	111000
chr22	23620846	111000	111000
chr22	23700759	111000	111000
chr22	23764244	111000	111000
chr22	24073063	111000	111000
chr22	24091224	111000	111000
chr22	24275534	111000	111000
chr22	24360187	111000	111000
chr22	24432848	111000	111000
chr22	24557099	111000	111000
chr22	24826459	111000	111000
chr22	25048078	111000	111000
chr22	25085429	111000	111000
chr22	25127780	111000	111000
chr22	25821926	111000	111000
chr22	25845394	111000	111000
chr22	25994691	111000	111000
chr22	26083681	111000	111000
chr22	26238464	111000	111000
chr22	26505863	111000	111000
chr22	26526408	111000	111000
chr22	26617467	111000	111000
chr22	26816728	111000	111000
chr22	27195502	111000	111000
chr22	27627151	111000	111000
chr22	28386613	111000	111000
chr22	28821512	111000	111000
chr22	28896424	111000	111000
chr22	28986224	111000	111000
chr22	29029250	111000	111000
chr22	29093573	111000	111000
chr22	29242435	111000	111000
chr22	29464034	111000	111000
chr22	29593587	111000	111000
chr22	29778368	111000	111000
chr22	29925295	111000	111000
chr22	29932419	111000	111000
chr22	30448754	111000	111000
chr22	30493468	111000	111000
chr22	30780852	111000	111000
chr22	30922788	111000	111000
chr22	31095277	111000	111000
chr22	31146942	111000	111000
chr22	31174552	111000	111000
chr22	31330894	111000	111000
chr22	31444905	111000	111000
chr22	31512981	111000	111000
chr22	31638770	111000	111000
chr22	31728671	111000	111000
chr22	31775980	111000	111000
chr22	32020271	111000	111000
chr22	32199080	111000	111000
chr22	32258182	111000	111000
chr22	32749252	111000	111000
chr22	32751850	111000	111000
chr22	33113512	111000	111000
chr22	33244352	111000	111000
chr22	33258432	111000	111000
chr22	33310688	111000	111000
chr22	33377755	111000	111000
chr22	33409626	111000	111000
chr22	33415002	111000	111000
chr22	33576808	111000	111000
chr22	34256657	111000	111000
chr22	34422553	111000	111000
chr22	34538845	111000	111000
chr22	34639209	111000	111000
chr22	34662095	111000	111000
chr22	34938699	111000	111000
chr22	35349665	111000	111000
chr22	35535173	111000	111000
chr22	35611168	111000	111000
chr22	35889707	111000	111000
chr22	35937756	111000	111000
chr22	36078482	111000	111000
chr22	36270246	111000	111000
chr22	36290649	111000	111000
chr22	36643938	111000	111000
chr22	36831669	111000	111000
chr22	37363271	111000	111000
chr22	37384477	111000	111000
chr22	37431818	111000	111000
chr22	37765986	111000	111000
chr22	37790696	111000	111000
chr22	37960685	111000	111000
chr22	38511868	111000	111000
chr22	38725452	111000	111000
chr22	38748608	111000	111000
chr22	38759201	111000	111000
chr22	38964798	111000	111000
chr22	39091207	111000	111000
chr22	39219621	111000	111000
chr22	39318448	111000	111000
chr22	39589112	111000	111000
chr22	40368583	111000	111000
chr22	40383660	111000	111000
chr22	40477773	111000	111000
chr22	40523375	111000	111000
chr22	40772612	111000	111000
chr22	40951557	111000	111000
chr22	41149628	111000	111000
chr22	41177009	111000	111000
chr22	41402637	111000	111000
chr22	41885785	111000	111000
chr22	42365865	111000	111000
chr22	42417495	111000	111000
chr22	42659849	111000	111000
chr22	42732293	111000	111000
chr22	42771119	111000	111000
chr22	42836729	111000	111000
chr22	43057828	111000	111000
chr22	43219144	111000	111000
chr22	43368378	111000	111000
chr22	43455640	111000	111000
chr22	43571763	111000	111000
chr22	43590033	111000	111000
chr22	43664673	111000	111000
chr22	43686748	111000	111000
chr22	43737340	111000	111000
chr22	43761514	111000	111000
chr22	44169343	111000	111000
chr22	44234675	111000	111000
chr22	44619240	111000	111000
chr22	44767004	111000	111000
chr22	44880296	111000	111000
chr22	44908384	111000	111000
chr22	45207104	111000	111000
chr22	45305841	111000	111000
chr22	45314656	111000	111000
chr22	45525577	111000	111000
chr22	45526365	111000	111000
chr22	45606158	111000	111000
chr22	45608739	111000	111000
chr22	46023758	111000	111000
chr22	46199581	111000	111000
chr22	46248926	111000	111000
chr22	46448900	111000	111000
chr22	46828407	111000	111000
chr22	46849599	111000	111000
chr22	46927463	111000	111000
chr22	47109438	111000	111000
chr22	47138344	111000	111000
chr22	47480596	111000	111000
chr22	47901862	111000	111000
chr22	48064605	111000	111000
chr22	48229304	111000	111000
chr22	48414998	111000	111000
chr22	48456554	111000	111000
chr22	48862903	111000	111000
chr22	49002160	111000	111000
chr22	49276136	111000	111000
chr22	49344051	111000	111000
chr22	49499644	111000	111000
chr22	49572692	111000	111000
chr22	50047003	111000	111000
chr22	50161126	111000	111000
chr22	50568205	111000	111000
chr22	50901831	111000	111000
chr22	19947359	111001	111111
chr22	21494149	111001	111111
chr22	16121440	111101	111111
chr22	16200027	111101	111111
chr22	16288739	111101	111111
chr22	17050777	111101	111111
chr22	17358260	111101	111111
chr22	17650705	111101	111111
chr22	18802480	111101	111111
chr22	18823741	111101	111111
chr22	20346278	111101	111111
chr22	20491664	111101	111111
chr22	21624702	111101	111111
chr22	21626227	111101	111111
chr22	22620837	111101	111111
chr22	24644104	111101	111111
chr22	24651927	111101	111111
chr22	30044669	111101	111111
chr22	35076455	111101	111111
chr22	35187195	111101	111111
chr22	37659307	111101	111111
chr22	45724132	111101	111111
chr22	49253893	111101	111111
chr22	16077252	111101	111101
chr22	16593210	111101	111101
chr22	18730900	111101	111101
chr22	21757334	111101	111101
chr22	50746656	111101	111101
chr22	18831620	111100	111111
chr22	21038134	111100	111111
chr22	24010403	111100	111111
chr22	21066942	111100	111100
chr22	34006287	100010	100111
chr22	39498839	100010	100111
chr22	50649235	100010	100111
chr22	18769970	100010	100010
chr22	18769978	100010	100010
chr22	26289603	100010	100010
chr22	30128711	100010	100010
chr22	38074061	100010	100010
chr22	38709597	100010	100010
chr22	39500766	100010	100010
chr22	40037293	100010	100010
chr22	40772178	100010	100010
chr22	41602466	100010	100010
chr22	47674420	100010	100010
chr22	48526492	100010	100010
chr22	49517434	100010	100010
chr22	17681367	000110	000111
chr22	18029251	000110	000111
chr22	18460882	000110	000111
chr22	19063001	000110	000111
chr22	20875756	000110	000111
chr22	21375769	000110	000111
chr22	22303535	000110	000111
chr22	22731785	000110	000111
chr22	22861356	000110	000111
chr22	23036403	000110	000111
chr22	24338983	000110	000111
chr22	24673898	000110	000111
chr22	24833494	000110	000111
chr22	24940768	000110	000111
chr22	25334459	000110	000111
chr22	25342656	000110	000111
chr22	26678452	000110	000111
chr22	26769845	000110	000111
chr22	28079431	000110	000111
chr22	28127754	000110	000111
chr22	28332782	000110	000111
chr22	28700813	000110	000111
chr22	28952528	000110	000111
chr22	29414390	000110	000111
chr22	29641979	000110	000111
chr22	30136018	000110	000111
chr22	30914158	000110	000111
chr22	31030828	000110	000111
chr22	31063193	000110	000111
chr22	31132177	000110	000111
chr22	32098245	000110	000111
chr22	32894106	000110	000111
chr22	33075378	000110	000111
chr22	33214630	000110	000111
chr22	33522733	000110	000111
chr22	33725651	000110	000111
chr22	34019367	000110	000111
chr22	34607248	000110	000111
chr22	34921057	000110	000111
chr22	35068308	000110	000111
chr22	35674743	000110	000111
chr22	35913639	000110	000111
chr22	37104293	000110	000111
chr22	37629584	000110	000111
chr22	37890614	000110	000111
chr22	38019352	000110	000111
chr22	38252156	000110	000111
chr22	38413868	000110	000111
chr22	39722348	000110	000111
chr22	40007392	000110	000111
chr22	40139286	000110	000111
chr22	40654623	000110	000111
chr22	41342987	000110	000111
chr22	41785830	000110	000111
chr22	41793963	000110	000111
chr22	42419595	000110	000111
chr22	42657768	000110	000111
chr22	43700635	000110	000111
chr22	44192765	000110	000111
chr22	44712730	000110	000111
chr22	45132723	000110	000111
chr22	45398733	000110	000111
chr22	46105095	000110	000111
chr22	46474728	000110	000111
chr22	46774907	000110	000111
chr22	47634072	000110	000111
chr22	47717014	000110	000111
chr22	48833608	000110	000111
chr22	50085600	000110	000111
chr22	50218796	000110	000111
chr22	51191294	000110	000111
chr22	17105732	000110	000110
chr22	27492944	000110	000110
chr22	42519607	000110	000110
chr22	17176346	100011	100111
chr22	17736341	100011	100111
chr22	22360171	100011	100111
chr22	27309552	100011	100111
chr22	29432788	100011	100111
chr22	30726567	100011	100111
chr22	32503304	100011	100111
chr22	36150881	100011	100111
chr22	37582520	100011	100111
chr22	38708454	100011	100111
chr22	40827421	100011	100111
chr22	41499168	100011	100111
chr22	42158858	100011	100111
chr22	42740837	100011	100111
chr22	43096934	100011	100111
chr22	44323428	100011	100111
chr22	44988857	100011	100111
chr22	45732422	100011	100111
chr22	46177103	100011	100111
chr22	47839389	100011	100111
chr22	49959151	100011	100111
chr22	16363830	100011	100011
chr22	17024174	100011	100011
chr22	17608965	100011	100011
chr22	17884057	100011	100011
chr22	17892401	100011	100011
chr22	17996343	100011	100011
chr22	18406957	100011	100011
chr22	18619831	100011	100011
chr22	19123148	100011	100011
chr22	23218440	100011	100011
chr22	23612064	100011	100011
chr22	23674451	100011	100011
chr22	24750284	100011	100011
chr22	24910185	100011	100011
chr22	25037146	100011	100011
chr22	25046803	100011	100011
chr22	25793046	100011	100011
chr22	26573779	100011	100011
chr22	27838322	100011	100011
chr22	28562808	100011	100011
chr22	28652851	100011	100011
chr22	28658738	100011	100011
chr22	30333322	100011	100011
chr22	30595318	100011	100011
chr22	31866213	100011	100011
chr22	32239538	100011	100011
chr22	33122639	100011	100011
chr22	33348404	100011	100011
chr22	33846001	100011	100011
chr22	33853123	100011	100011
chr22	34808851	100011	100011
chr22	35971648	100011	100011
chr22	36187155	100011	100011
chr22	36528004	100011	100011
chr22	37255752	100011	100011
chr22	37411919	100011	100011
chr22	37420073	100011	100011
chr22	37821042	100011	100011
chr22	38044133	100011	100011
chr22	38276823	100011	100011
chr22	38560811	100011	100011
chr22	40227898	100011	100011
chr22	40249589	100011	100011
chr22	40830867	100011	100011
chr22	40839031	100011	100011
chr22	40846937	100011	100011
chr22	41314035	100011	100011
chr22	41962177	100011	100011
chr22	43365997	100011	100011
chr22	43570638	100011	100011
chr22	43578804	100011	100011
chr22	44104063	100011	100011
chr22	44610442	100011	100011
chr22	45584214	100011	100011
chr22	45906350	100011	100011
chr22	46527213	100011	100011
chr22	47224766	100011	100011
chr22	47743431	100011	100011
chr22	47847831	100011	100011
chr22	48017820	100011	100011
chr22	48393926	100011	100011
chr22	48851472	100011	100011
chr22	49812022	100011	100011
chr22	49858792	100011	100011
chr22	50793477	100011	100011
chr22	50801772	100011	100011
chr22	50958314	100011	100011
chr22	50966624	100011	100011
chr22	16250790	101111	111111
chr22	16302337	101111	111111
chr22	16364923	101111	111111
chr22	16406130	101111	111111
chr22	16647946	101111	111111
chr22	16655722	101111	111111
chr22	16973059	101111	111111
chr22	17031420	101111	111111
chr22	17031421	101111	111111
chr22	18771031	101111	111111
chr22	19947346	101111	111111
chr22	20390063	101111	111111
chr22	20624711	101111	111111
chr22	21575800	101111	111111
chr22	21588911	101111	111111
chr22	21718120	101111	111111
chr22	22980270	101111	111111
chr22	31986132	101111	111111
chr22	37496460	101111	111111
chr22	38781082	101111	111111
chr22	42963183	101111	111111
chr22	42963187	101111	111111
chr22	44510539	101111	111111
chr22	46378939	101111	111111
chr22	49074933	101111	111111
chr22	49122311	101111	111111
chr22	49258245	101111	111111
chr22	50253683	101111	111111
chr22	51118478	101111	111111
chr22	31260445	100100	100111
chr22	17674467	100101	100111
chr22	18572472	100101	100111
chr22	19747342	100101	100111
chr22	24515698	100101	100111
chr22	25292488	100101	100111
chr22	25336718	100101	100111
chr22	26308227	100101	100111
chr22	27535719	100101	100111
chr22	27658209	100101	100111
chr22	27977900	100101	100111
chr22	28949597	100101	100111
chr22	29215142	100101	100111
chr22	30847871	100101	100111
chr22	30908495	100101	100111
chr22	31065967	100101	100111
chr22	31495915	100101	100111
chr22	31615033	100101	100111
chr22	32968622	100101	100111
chr22	34344075	100101	100111
chr22	35716859	100101	100111
chr22	36503691	100101	100111
chr22	38318498	100101	100111
chr22	41986863	100101	100111
chr22	43300390	100101	100111
chr22	43411342	100101	100111
chr22	44819727	100101	100111
chr22	44896996	100101	100111
chr22	46766419	100101	100111
chr22	47611324	100101	100111
chr22	47642536	100101	100111
chr22	48648081	100101	100111
chr22	48896536	100101	100111
chr22	49078192	100101	100111
chr22	51148090	100101	100111
chr22	25432916	100001	100111
chr22	27565918	100001	100111
chr22	35545280	100001	100111
chr22	37670441	100001	100111
chr22	40009070	100001	100111
chr22	44702252	100001	100111
chr22	22261630	100001	100001
chr22	22746804	100001	100001
chr22	23000029	100001	100001
chr22	23818715	100001	100001
chr22	27594056	100001	100001
chr22	32552448	100001	100001
chr22	33828918	100001	100001
chr22	34847254	100001	100001
chr22	46627803	100001	100001
chr22	48534988	100001	100001
chr22	49188149	100001	100001
chr22	16081329	110011	111111
chr22	48128394	110011	111111
chr22	48875229	110011	111111
chr22	16552798	110011	110011
chr22	16345549	110010	111111
chr22	21718261	110010	111111
chr22	45724050	110010	110010
chr22	16078974	001100	001100
chr22	18780549	001100	001100
chr22	16083573	110111	111111
chr22	16229769	110111	111111
chr22	16302297	110111	111111
chr22	16344189	110111	111111
chr22	16463039	110111	111111
chr22	16990407	110111	111111
chr22	18349379	110111	111111
chr22	18841052	110111	111111
chr22	20364727	110111	111111
chr22	21050417	110111	111111
chr22	21600633	110111	111111
chr22	21625385	110111	111111
chr22	21665168	110111	111111
chr22	23661800	110111	111111
chr22	24009862	110111	111111
chr22	25663036	110111	111111
chr22	25697952	110111	111111
chr22	35563729	110111	111111
chr22	38120041	110111	111111
chr22	42967403	110111	111111
chr22	16379072	110111	110111
chr22	16464716	110111	110111
chr22	18655607	110111	110111
chr22	20502333	110111	110111
chr22	50066469	110111	110111
chr22	49074950	001101	111111
chr22	49074954	001101	111111
chr22	49074977	001101	111111
chr22	49074978	001101	111111
chr22	16210642	110110	111111
chr22	16384639	110110	111111
chr22	18844942	011011	011011
chr22	21515683	011010	011010
chr22	16208651	111110	111111
chr22	16340551	111110	111111
chr22	16593244	111110	111111
chr22	16898206	111110	111111
chr22	16956445	111110	111111
chr22	17373889	111110	111111
chr22	18832024	111110	111111
chr22	20298581	111110	111111
chr22	20626695	111110	111111
chr22	21479855	111110	111111
chr22	21548497	111110	111111
chr22	21625196	111110	111111
chr22	21719813	111110	111111
chr22	22608389	111110	111111
chr22	22979131	111110	111111
chr22	24651330	111110	111111
chr22	24770240	111110	111111
chr22	46378906	111110	111111
chr22	49074885	111110	111111
chr22	49249212	111110	111111
chr22	16302945	111110	111110
chr22	16674154	111110	111110
chr22	18774367	111110	111110
chr22	21480192	111110	111110
chr22	21553852	111110	111110
chr22	16347639	101010	101010
chr22	48648411	101011	111111
chr22	49662219	101011	101011
chr22	49793383	101011	101011
chr22	17105762	000101	000111
chr22	17172753	000101	000111
chr22	17674450	000101	000111
chr22	18214126	000101	000111
chr22	18313646	000101	000111
chr22	18802400	000101	000111
chr22	19756117	000101	000111
chr22	20678960	000101	000111
chr22	21042455	000101	000111
chr22	21081144	000101	000111
chr22	21235334	000101	000111
chr22	21797048	000101	000111
chr22	22296172	000101	000111
chr22	22465528	000101	000111
chr22	23398879	000101	000111
chr22	24137628	000101	000111
chr22	24512578	000101	000111
chr22	24830341	000101	000111
chr22	24901256	000101	000111
chr22	24992948	000101	000111
chr22	25297898	000101	000111
chr22	25493177	000101	000111
chr22	25997560	000101	000111
chr22	26361373	000101	000111
chr22	27532799	000101	000111
chr22	27655285	000101	000111
chr22	28047523	000101	000111
chr22	28316196	000101	000111
chr22	28526650	000101	000111
chr22	29216811	000101	000111
chr22	29218072	000101	000111
chr22	29290070	000101	000111
chr22	29377742	000101	000111
chr22	31327258	000101	000111
chr22	32061972	000101	000111
chr22	32266332	000101	000111
chr22	32266918	000101	000111
chr22	33052586	000101	000111
chr22	33269321	000101	000111
chr22	33369562	000101	000111
chr22	33738442	000101	000111
chr22	34603815	000101	000111
chr22	35438425	000101	000111
chr22	35618972	000101	000111
chr22	35783142	000101	000111
chr22	35993736	000101	000111
chr22	36951443	000101	000111
chr22	38304924	000101	000111
chr22	38361778	000101	000111
chr22	39030702	000101	000111
chr22	40305430	000101	000111
chr22	40505567	000101	000111
chr22	41471574	000101	000111
chr22	41706388	000101	000111
chr22	41973910	000101	000111
chr22	42223361	000101	000111
chr22	42543947	000101	000111
chr22	42975833	000101	000111
chr22	43001478	000101	000111
chr22	43021956	000101	000111
chr22	43482082	000101	000111
chr22	43949280	000101	000111
chr22	44592268	000101	000111
chr22	44599504	000101	000111
chr22	45406865	000101	000111
chr22	45740562	000101	000111
chr22	45811051	000101	000111
chr22	45916850	000101	000111
chr22	48312136	000101	000111
chr22	48572855	000101	000111
chr22	48875294	000101	000111
chr22	49009248	000101	000111
chr22	49209726	000101	000111
chr22	49440623	000101	000111
chr22	49476118	000101	000111
chr22	49876099	000101	000111
chr22	50200589	000101	000111
chr22	50235354	000101	000111
chr22	50439542	000101	000111
chr22	50608344	000101	000111
chr22	50972109	000101	000111
chr22	51153963	000101	000111
chr22	51199613	000101	000111
chr22	21571993	001001	001001
chr22	18787128	101110	111111
chr22	35888210	101110	111111
chr22	26823464	101110	101110
chr22	16546581	101101	111111
chr22	21063672	101101	111111
chr22	21505702	101101	101101
chr22	16306250	101100	111111
chr22	38626051	101100	111111
chr22	50467610	101100	111111
chr22	26823460	101100	101100
chr22	47256013	101100	101100
chr22	31780464	001010	001010
chr22	16354754	011110	111111
chr22	20706869	011110	111111
chr22	45280557	011110	111111
chr22	24323878	011110	011110
chr22	19947360	101001	111111
chr22	19947361	101001	101001
chr22	16236958	011111	111111
chr22	16365289	011111	111111
chr22	16602841	011111	111111
chr22	17374133	011111	111111
chr22	20354187	011111	111111
chr22	20449216	011111	111111
chr22	21520872	011111	111111
chr22	21618989	011111	111111
chr22	21636129	011111	111111
chr22	21665308	011111	111111
chr22	23653555	011111	111111
chr22	24655282	011111	111111
chr22	32900327	011111	111111
chr22	51229495	011111	111111
chr22	20652065	011111	011111
