-----
Chromosome	Location	Original Code	New Code
-----
chr22	16477085	011100	011111
chr22	21718250	011100	011111
chr22	21718261	011100	011111
chr22	32597611	011100	011111
chr22	39463995	011100	011111
chr22	42304326	011100	011111
chr22	42480468	011100	011111
chr22	45050619	011100	011111
chr22	16534675	011101	011111
chr22	17058267	011101	011111
chr22	17399500	011101	011111
chr22	18653176	011101	011111
chr22	18904077	011101	011111
chr22	19448675	011101	011111
chr22	19467446	011101	011111
chr22	19485214	011101	011111
chr22	19579869	011101	011111
chr22	20219741	011101	011111
chr22	20795369	011101	011111
chr22	21193070	011101	011111
chr22	21404138	011101	011111
chr22	21966629	011101	011111
chr22	22888563	011101	011111
chr22	23509767	011101	011111
chr22	23915823	011101	011111
chr22	24301194	011101	011111
chr22	25640067	011101	011111
chr22	25794031	011101	011111
chr22	25861856	011101	011111
chr22	26348428	011101	011111
chr22	26616283	011101	011111
chr22	28619381	011101	011111
chr22	30231417	011101	011111
chr22	31184365	011101	011111
chr22	31187137	011101	011111
chr22	31325046	011101	011111
chr22	32055667	011101	011111
chr22	32380536	011101	011111
chr22	32856870	011101	011111
chr22	33313846	011101	011111
chr22	34339533	011101	011111
chr22	34954832	011101	011111
chr22	35781847	011101	011111
chr22	36178350	011101	011111
chr22	37876309	011101	011111
chr22	39727533	011101	011111
chr22	40161009	011101	011111
chr22	42066959	011101	011111
chr22	42871676	011101	011111
chr22	43466790	011101	011111
chr22	43775881	011101	011111
chr22	44500497	011101	011111
chr22	44788657	011101	011111
chr22	44843883	011101	011111
chr22	44844061	011101	011111
chr22	46213039	011101	011111
chr22	46217723	011101	011111
chr22	47077196	011101	011111
chr22	47351764	011101	011111
chr22	48152028	011101	011111
chr22	48221971	011101	011111
chr22	48544149	011101	011111
chr22	49065770	011101	011111
chr22	49122814	011101	011111
chr22	50033418	011101	011111
chr22	50524382	011101	011111
chr22	50860222	011101	011111
chr22	16413575	011101	011101
chr22	24362693	011001	011111
chr22	24673494	011001	011111
chr22	24797643	011001	011111
chr22	31064032	011001	011111
chr22	40182734	011001	011111
chr22	43813866	011001	011111
chr22	44510539	011001	011111
chr22	46209235	011001	011111
chr22	17463414	001011	011111
chr22	18748118	001011	011111
chr22	21278881	001011	011111
chr22	21718120	001011	011111
chr22	24040896	001011	011111
chr22	26358831	001011	011111
chr22	29929332	001011	011111
chr22	38075094	001011	011111
chr22	45060712	001011	011111
chr22	45550456	001011	011111
chr22	46775799	001011	011111
chr22	48796387	001011	011111
chr22	39037979	001011	001011
chr22	16898206	010101	011111
chr22	25636925	010101	011111
chr22	31108680	010101	011111
chr22	34346685	010101	011111
chr22	35147987	010101	011111
chr22	41651466	010101	011111
chr22	42196660	010101	011111
chr22	45042404	010101	011111
chr22	51123920	010101	011111
chr22	16661659	010101	010101
chr22	21071059	010100	011111
chr22	42135319	010100	011111
chr22	16540035	010100	010100
chr22	20634684	010100	010100
chr22	19322858	010001	011111
chr22	45140591	010001	011111
chr22	16139746	111011	111111
chr22	16624702	111011	111111
chr22	16973059	111011	111111
chr22	16973063	111011	111111
chr22	17036843	111011	111111
chr22	17513906	111011	111111
chr22	18472095	111011	111111
chr22	18562932	111011	111111
chr22	18652003	111011	111111
chr22	18780549	111011	111111
chr22	18787128	111011	111111
chr22	19778334	111011	111111
chr22	20486571	111011	111111
chr22	20627265	111011	111111
chr22	21586643	111011	111111
chr22	21680702	111011	111111
chr22	21735049	111011	111111
chr22	22490322	111011	111111
chr22	22509177	111011	111111
chr22	24810779	111011	111111
chr22	24813302	111011	111111
chr22	27537965	111011	111111
chr22	27948051	111011	111111
chr22	29932323	111011	111111
chr22	30623560	111011	111111
chr22	30626422	111011	111111
chr22	33251704	111011	111111
chr22	35316767	111011	111111
chr22	37999559	111011	111111
chr22	38038813	111011	111111
chr22	41659606	111011	111111
chr22	44127328	111011	111111
chr22	45482809	111011	111111
chr22	46705800	111011	111111
chr22	49132199	111011	111111
chr22	49209303	111011	111111
chr22	50242000	111011	111111
chr22	51230503	111011	111111
chr22	43202339	111011	111011
chr22	48981270	111011	111011
chr22	17463406	111010	111111
chr22	35316422	111010	111111
chr22	41248534	111010	111111
chr22	42967403	111010	111111
chr22	18769970	001110	011111
chr22	35234843	001110	011111
chr22	24009862	100111	111111
chr22	24369345	100111	111111
chr22	28291230	100111	111111
chr22	32438229	100111	111111
chr22	43725446	100111	111111
chr22	45391643	100111	111111
chr22	17888804	100111	100111
chr22	19840318	100111	100111
chr22	20249505	100111	100111
chr22	20847308	100111	100111
chr22	21034181	100111	100111
chr22	21961695	100111	100111
chr22	22162722	100111	100111
chr22	22627293	100111	100111
chr22	23103121	100111	100111
chr22	23693272	100111	100111
chr22	23883222	100111	100111
chr22	24754317	100111	100111
chr22	25218423	100111	100111
chr22	25323461	100111	100111
chr22	26578595	100111	100111
chr22	26898009	100111	100111
chr22	27994998	100111	100111
chr22	28553789	100111	100111
chr22	28611553	100111	100111
chr22	28627904	100111	100111
chr22	28874671	100111	100111
chr22	29128599	100111	100111
chr22	29335782	100111	100111
chr22	29834599	100111	100111
chr22	30240342	100111	100111
chr22	30346103	100111	100111
chr22	30586407	100111	100111
chr22	31539156	100111	100111
chr22	32595713	100111	100111
chr22	32806049	100111	100111
chr22	33396057	100111	100111
chr22	34036451	100111	100111
chr22	35773555	100111	100111
chr22	36087785	100111	100111
chr22	36339056	100111	100111
chr22	36708894	100111	100111
chr22	36988730	100111	100111
chr22	37621879	100111	100111
chr22	38175275	100111	100111
chr22	38928417	100111	100111
chr22	38994864	100111	100111
chr22	39896454	100111	100111
chr22	40551896	100111	100111
chr22	41304168	100111	100111
chr22	41990850	100111	100111
chr22	42233044	100111	100111
chr22	42391644	100111	100111
chr22	42412593	100111	100111
chr22	44430621	100111	100111
chr22	44644557	100111	100111
chr22	44695160	100111	100111
chr22	45008311	100111	100111
chr22	46000232	100111	100111
chr22	46038762	100111	100111
chr22	46792138	100111	100111
chr22	47555864	100111	100111
chr22	48022154	100111	100111
chr22	48421216	100111	100111
chr22	48472964	100111	100111
chr22	48804847	100111	100111
chr22	48812801	100111	100111
chr22	48967058	100111	100111
chr22	49398332	100111	100111
chr22	50476218	100111	100111
chr22	16477099	001111	011111
chr22	17083950	001111	011111
chr22	17605758	001111	011111
chr22	17620138	001111	011111
chr22	18472138	001111	011111
chr22	20322149	001111	011111
chr22	21282043	001111	011111
chr22	21326049	001111	011111
chr22	23416263	001111	011111
chr22	24848659	001111	011111
chr22	24936955	001111	011111
chr22	25309665	001111	011111
chr22	25653862	001111	011111
chr22	26002137	001111	011111
chr22	26345285	001111	011111
chr22	27062990	001111	011111
chr22	27309209	001111	011111
chr22	27487321	001111	011111
chr22	27751163	001111	011111
chr22	28468937	001111	011111
chr22	28959203	001111	011111
chr22	29009105	001111	011111
chr22	30813650	001111	011111
chr22	33080519	001111	011111
chr22	33136031	001111	011111
chr22	33430756	001111	011111
chr22	33467105	001111	011111
chr22	35227621	001111	011111
chr22	36436998	001111	011111
chr22	36651289	001111	011111
chr22	37454156	001111	011111
chr22	37681637	001111	011111
chr22	39287942	001111	011111
chr22	39299778	001111	011111
chr22	39314599	001111	011111
chr22	39325889	001111	011111
chr22	40174582	001111	011111
chr22	40255690	001111	011111
chr22	40420971	001111	011111
chr22	40603714	001111	011111
chr22	41350849	001111	011111
chr22	41697038	001111	011111
chr22	43046801	001111	011111
chr22	43652426	001111	011111
chr22	44089769	001111	011111
chr22	44108706	001111	011111
chr22	44448083	001111	011111
chr22	44652129	001111	011111
chr22	44906798	001111	011111
chr22	45023971	001111	011111
chr22	47030253	001111	011111
chr22	48044890	001111	011111
chr22	48382718	001111	011111
chr22	49558964	001111	011111
chr22	49614788	001111	011111
chr22	49807809	001111	011111
chr22	51113260	001111	011111
chr22	51227891	001111	011111
chr22	16534661	001111	001111
chr22	47256013	001111	001111
chr22	16990407	100110	111111
chr22	27967149	100110	111111
chr22	18623065	100110	100110
chr22	19162857	100110	100110
chr22	20090643	100110	100110
chr22	21125826	100110	100110
chr22	23613794	100110	100110
chr22	24087360	100110	100110
chr22	25135823	100110	100110
chr22	26375849	100110	100110
chr22	27495560	100110	100110
chr22	28257757	100110	100110
chr22	28534723	100110	100110
chr22	33549412	100110	100110
chr22	39138363	100110	100110
chr22	40254163	100110	100110
chr22	43624725	100110	100110
chr22	44504315	100110	100110
chr22	45276200	100110	100110
chr22	47662712	100110	100110
chr22	49405396	100110	100110
chr22	27492944	110000	110000
chr22	18265017	010111	011111
chr22	18951173	010111	011111
chr22	19064705	010111	011111
chr22	20298581	010111	011111
chr22	21322887	010111	011111
chr22	21446859	010111	011111
chr22	21600633	010111	011111
chr22	21720452	010111	011111
chr22	22512356	010111	011111
chr22	24359575	010111	011111
chr22	24369327	010111	011111
chr22	24819894	010111	011111
chr22	25369726	010111	011111
chr22	25606467	010111	011111
chr22	25648743	010111	011111
chr22	26583226	010111	011111
chr22	26927450	010111	011111
chr22	27771214	010111	011111
chr22	28022017	010111	011111
chr22	28109952	010111	011111
chr22	28840894	010111	011111
chr22	29768539	010111	011111
chr22	29996140	010111	011111
chr22	30605966	010111	011111
chr22	32846855	010111	011111
chr22	33275221	010111	011111
chr22	34676238	010111	011111
chr22	35346770	010111	011111
chr22	35791162	010111	011111
chr22	36170159	010111	011111
chr22	36294273	010111	011111
chr22	36643118	010111	011111
chr22	38099852	010111	011111
chr22	38217222	010111	011111
chr22	38836327	010111	011111
chr22	38881456	010111	011111
chr22	38997912	010111	011111
chr22	39300191	010111	011111
chr22	39915924	010111	011111
chr22	40235112	010111	011111
chr22	42295061	010111	011111
chr22	43328883	010111	011111
chr22	44508681	010111	011111
chr22	44738331	010111	011111
chr22	44827865	010111	011111
chr22	44852210	010111	011111
chr22	45082918	010111	011111
chr22	45542325	010111	011111
chr22	46379494	010111	011111
chr22	46414889	010111	011111
chr22	46416093	010111	011111
chr22	47385143	010111	011111
chr22	47818055	010111	011111
chr22	47883520	010111	011111
chr22	48685352	010111	011111
chr22	48805823	010111	011111
chr22	49694770	010111	011111
chr22	49818477	010111	011111
chr22	49951778	010111	011111
chr22	17933573	010111	010111
chr22	21718264	110001	111111
chr22	48519767	110001	111111
chr22	26823464	110001	110001
chr22	16250862	010110	011111
chr22	17399527	010110	011111
chr22	17823447	010110	011111
chr22	19469380	010110	011111
chr22	30349306	010110	011111
chr22	32672878	010110	011111
chr22	34374837	010110	011111
chr22	35210341	010110	011111
chr22	42296169	010110	011111
chr22	42485583	010110	011111
chr22	44478896	010110	011111
chr22	44746475	010110	011111
chr22	46298768	010110	011111
chr22	49826748	010110	011111
chr22	50083244	010110	011111
chr22	21829254	010010	011111
chr22	16078974	110100	110100
chr22	18798951	110100	110100
chr22	21505702	010011	011111
chr22	22776615	010011	011111
chr22	24620453	010011	011111
chr22	24816741	010011	011111
chr22	37838098	010011	011111
chr22	40423775	010011	011111
chr22	41975940	010011	011111
chr22	16394113	010011	010011
chr22	17373889	110101	111111
chr22	18725820	110101	111111
chr22	18774367	110101	111111
chr22	21548497	110101	111111
chr22	47085694	110101	111111
chr22	49074933	110101	111111
chr22	17050777	111001	111111
chr22	20438352	111001	111111
chr22	26014350	111001	111111
chr22	51229495	111001	111111
chr22	25336718	111001	111001
chr22	16347827	111101	111111
chr22	16533761	111101	111111
chr22	16696307	111101	111111
chr22	16984880	111101	111111
chr22	17028148	111101	111111
chr22	18653135	111101	111111
chr22	18752095	111101	111111
chr22	18752106	111101	111111
chr22	20343199	111101	111111
chr22	20706869	111101	111111
chr22	20971546	111101	111111
chr22	21382695	111101	111111
chr22	21719813	111101	111111
chr22	21719815	111101	111111
chr22	22026871	111101	111111
chr22	23669869	111101	111111
chr22	24010477	111101	111111
chr22	24651330	111101	111111
chr22	25091191	111101	111111
chr22	25912968	111101	111111
chr22	25922910	111101	111111
chr22	26619418	111101	111111
chr22	27206499	111101	111111
chr22	28326020	111101	111111
chr22	29126764	111101	111111
chr22	29813253	111101	111111
chr22	30838392	111101	111111
chr22	31009805	111101	111111
chr22	35163380	111101	111111
chr22	35495573	111101	111111
chr22	36994425	111101	111111
chr22	37462308	111101	111111
chr22	37496460	111101	111111
chr22	37736834	111101	111111
chr22	38183470	111101	111111
chr22	38629378	111101	111111
chr22	39254854	111101	111111
chr22	39719391	111101	111111
chr22	40169953	111101	111111
chr22	41879575	111101	111111
chr22	43589036	111101	111111
chr22	43831319	111101	111111
chr22	43907651	111101	111111
chr22	44285883	111101	111111
chr22	47353977	111101	111111
chr22	47826508	111101	111111
chr22	50253683	111101	111111
chr22	50256498	111101	111111
chr22	51118478	111101	111111
chr22	51220848	111101	111111
chr22	17669894	111101	111101
chr22	25336700	111101	111101
chr22	25336704	111101	111101
chr22	18791458	111100	111111
chr22	20449216	111100	111111
chr22	35563729	111100	111111
chr22	39533895	111100	111111
chr22	49951798	111100	111111
chr22	50758438	111100	111111
chr22	51104937	111100	111111
chr22	49793383	111100	111100
chr22	16960104	100010	100010
chr22	19688482	100010	100010
chr22	19688483	100010	100010
chr22	24044335	100010	100010
chr22	24391501	100010	100010
chr22	32899166	100010	100010
chr22	34446451	100010	100010
chr22	35867353	100010	100010
chr22	49422765	100010	100010
chr22	49834977	100010	100010
chr22	16934778	000110	000111
chr22	17154942	000110	000111
chr22	17476552	000110	000111
chr22	17943960	000110	000111
chr22	18288741	000110	000111
chr22	19811185	000110	000111
chr22	21020225	000110	000111
chr22	22679506	000110	000111
chr22	24922362	000110	000111
chr22	26518811	000110	000111
chr22	27798130	000110	000111
chr22	28097813	000110	000111
chr22	28487397	000110	000111
chr22	28583178	000110	000111
chr22	31134206	000110	000111
chr22	31962795	000110	000111
chr22	32017928	000110	000111
chr22	32916738	000110	000111
chr22	33407445	000110	000111
chr22	33424186	000110	000111
chr22	33729765	000110	000111
chr22	34453419	000110	000111
chr22	34673384	000110	000111
chr22	35027423	000110	000111
chr22	35637076	000110	000111
chr22	36264228	000110	000111
chr22	36569076	000110	000111
chr22	37125320	000110	000111
chr22	38458178	000110	000111
chr22	38958140	000110	000111
chr22	39200898	000110	000111
chr22	39780899	000110	000111
chr22	40104746	000110	000111
chr22	40106113	000110	000111
chr22	40569192	000110	000111
chr22	40572627	000110	000111
chr22	42563529	000110	000111
chr22	42665986	000110	000111
chr22	44989045	000110	000111
chr22	45922807	000110	000111
chr22	46794123	000110	000111
chr22	47021755	000110	000111
chr22	47247115	000110	000111
chr22	47873231	000110	000111
chr22	48764506	000110	000111
chr22	49185161	000110	000111
chr22	49550684	000110	000111
chr22	49822940	000110	000111
chr22	50082288	000110	000111
chr22	50683000	000110	000111
chr22	16345549	100011	111111
chr22	21718239	100011	111111
chr22	25913027	100011	111111
chr22	16864787	100011	100011
chr22	17561152	100011	100011
chr22	18085504	100011	100011
chr22	18846558	100011	100011
chr22	18857140	100011	100011
chr22	19754723	100011	100011
chr22	21107648	100011	100011
chr22	22005383	100011	100011
chr22	22044639	100011	100011
chr22	23157824	100011	100011
chr22	24048154	100011	100011
chr22	26302842	100011	100011
chr22	26465254	100011	100011
chr22	26645852	100011	100011
chr22	26859587	100011	100011
chr22	27826683	100011	100011
chr22	28207899	100011	100011
chr22	29050499	100011	100011
chr22	29902799	100011	100011
chr22	30972528	100011	100011
chr22	32064755	100011	100011
chr22	32646250	100011	100011
chr22	32956998	100011	100011
chr22	32976052	100011	100011
chr22	33890208	100011	100011
chr22	33968576	100011	100011
chr22	34000299	100011	100011
chr22	34802325	100011	100011
chr22	36763278	100011	100011
chr22	37183231	100011	100011
chr22	37421530	100011	100011
chr22	37600217	100011	100011
chr22	38055401	100011	100011
chr22	38939697	100011	100011
chr22	39325727	100011	100011
chr22	40633956	100011	100011
chr22	42468527	100011	100011
chr22	44152419	100011	100011
chr22	46356864	100011	100011
chr22	47121440	100011	100011
chr22	48241391	100011	100011
chr22	48338874	100011	100011
chr22	48430352	100011	100011
chr22	48762193	100011	100011
chr22	48878359	100011	100011
chr22	49006699	100011	100011
chr22	50481370	100011	100011
chr22	51093726	100011	100011
chr22	16223418	101111	111111
chr22	16229769	101111	111111
chr22	16364901	101111	111111
chr22	16387795	101111	111111
chr22	16507651	101111	111111
chr22	16546581	101111	111111
chr22	16925896	101111	111111
chr22	18655607	101111	111111
chr22	20354187	101111	111111
chr22	20354198	101111	111111
chr22	21373628	101111	111111
chr22	21625385	101111	111111
chr22	21633356	101111	111111
chr22	22142774	101111	111111
chr22	22465329	101111	111111
chr22	23242285	101111	111111
chr22	23680589	101111	111111
chr22	25433904	101111	111111
chr22	25784080	101111	111111
chr22	29906906	101111	111111
chr22	31061258	101111	111111
chr22	31954699	101111	111111
chr22	31986132	101111	111111
chr22	32172983	101111	111111
chr22	33628152	101111	111111
chr22	37469755	101111	111111
chr22	37817348	101111	111111
chr22	42801486	101111	111111
chr22	47001881	101111	111111
chr22	47928673	101111	111111
chr22	48303480	101111	111111
chr22	49539650	101111	111111
chr22	18823741	101111	101111
chr22	18838779	101111	101111
chr22	18838782	101111	101111
chr22	23242288	101111	101111
chr22	19022175	100100	100100
chr22	16205497	100101	111111
chr22	19684423	100101	111111
chr22	16921151	100101	100101
chr22	19620710	100101	100101
chr22	20906492	100101	100101
chr22	21893002	100101	100101
chr22	25766108	100101	100101
chr22	25891601	100101	100101
chr22	26447150	100101	100101
chr22	31072268	100101	100101
chr22	31186937	100101	100101
chr22	34251025	100101	100101
chr22	34995806	100101	100101
chr22	35254379	100101	100101
chr22	36139874	100101	100101
chr22	38028106	100101	100101
chr22	40086934	100101	100101
chr22	40956270	100101	100101
chr22	41013856	100101	100101
chr22	41836993	100101	100101
chr22	42491959	100101	100101
chr22	43007674	100101	100101
chr22	45175929	100101	100101
chr22	45623504	100101	100101
chr22	46949983	100101	100101
chr22	47731146	100101	100101
chr22	47945193	100101	100101
chr22	48504944	100101	100101
chr22	49536375	100101	100101
chr22	50276581	100101	100101
chr22	50792096	100101	100101
chr22	51177036	100101	100101
chr22	19470981	100001	100001
chr22	19924987	100001	100001
chr22	22956866	100001	100001
chr22	22984061	100001	100001
chr22	30032834	100001	100001
chr22	31098819	100001	100001
chr22	32069739	100001	100001
chr22	32230225	100001	100001
chr22	38366153	100001	100001
chr22	38842872	100001	100001
chr22	38850302	100001	100001
chr22	39464568	100001	100001
chr22	40124264	100001	100001
chr22	40978304	100001	100001
chr22	42291888	100001	100001
chr22	42824047	100001	100001
chr22	48827178	100001	100001
chr22	20320229	110011	111111
chr22	21625196	110011	111111
chr22	25016121	110011	111111
chr22	28337770	110011	111111
chr22	49233160	110011	111111
chr22	49649652	110011	111111
chr22	16695096	110010	111111
chr22	48128434	001100	001100
chr22	16104668	110111	111111
chr22	16166172	110111	111111
chr22	16210642	110111	111111
chr22	16302945	110111	111111
chr22	16319620	110111	111111
chr22	16590562	110111	111111
chr22	16995706	110111	111111
chr22	18841052	110111	111111
chr22	19071690	110111	111111
chr22	20490447	110111	111111
chr22	20652065	110111	111111
chr22	21639323	110111	111111
chr22	21665168	110111	111111
chr22	21683717	110111	111111
chr22	22597083	110111	111111
chr22	22642878	110111	111111
chr22	22980352	110111	111111
chr22	23247665	110111	111111
chr22	25002815	110111	111111
chr22	25065795	110111	111111
chr22	25186714	110111	111111
chr22	26699986	110111	111111
chr22	28367686	110111	111111
chr22	31598757	110111	111111
chr22	31780625	110111	111111
chr22	32392408	110111	111111
chr22	32399340	110111	111111
chr22	33756770	110111	111111
chr22	34149924	110111	111111
chr22	35076455	110111	111111
chr22	35097568	110111	111111
chr22	35481609	110111	111111
chr22	35887894	110111	111111
chr22	40295773	110111	111111
chr22	43839481	110111	111111
chr22	44670334	110111	111111
chr22	47693399	110111	111111
chr22	47999083	110111	111111
chr22	49122311	110111	111111
chr22	49547939	110111	111111
chr22	50223025	110111	111111
chr22	50607268	110111	111111
chr22	50941747	110111	111111
chr22	16113372	110111	110111
chr22	16346070	110111	110111
chr22	16690909	110111	110111
chr22	17212206	001101	011111
chr22	19469090	001101	011111
chr22	19947341	001101	011111
chr22	25437062	001101	011111
chr22	30953184	001101	011111
chr22	33087514	001101	011111
chr22	33149827	001101	011111
chr22	35389575	001101	011111
chr22	36286081	001101	011111
chr22	47986518	001101	011111
chr22	51190983	001101	011111
chr22	16081329	110110	111111
chr22	16990392	110110	111111
chr22	17721617	110110	111111
chr22	18264996	110110	111111
chr22	20449100	110110	111111
chr22	25022677	110110	111111
chr22	45362178	110110	111111
chr22	16306896	110110	110110
chr22	18572472	110110	110110
chr22	21470346	110110	110110
chr22	16352240	011011	011111
chr22	17378962	011011	011111
chr22	17378987	011011	011111
chr22	18568463	011011	011111
chr22	20141190	011011	011111
chr22	21232747	011011	011111
chr22	21268295	011011	011111
chr22	21286754	011011	011111
chr22	21450019	011011	011111
chr22	22498512	011011	011111
chr22	23413178	011011	011111
chr22	23545756	011011	011111
chr22	23722057	011011	011111
chr22	23949996	011011	011111
chr22	24822837	011011	011111
chr22	25056677	011011	011111
chr22	25367234	011011	011111
chr22	25483667	011011	011111
chr22	25790880	011011	011111
chr22	26156382	011011	011111
chr22	26458999	011011	011111
chr22	26696854	011011	011111
chr22	26826029	011011	011111
chr22	27760131	011011	011111
chr22	28334831	011011	011111
chr22	28519288	011011	011111
chr22	28845985	011011	011111
chr22	29876755	011011	011111
chr22	30772922	011011	011111
chr22	30816432	011011	011111
chr22	32665954	011011	011111
chr22	32855733	011011	011111
chr22	33141864	011011	011111
chr22	33306731	011011	011111
chr22	33456472	011011	011111
chr22	33474382	011011	011111
chr22	36878643	011011	011111
chr22	37214942	011011	011111
chr22	37884473	011011	011111
chr22	38193372	011011	011111
chr22	38376082	011011	011111
chr22	38381700	011011	011111
chr22	39901294	011011	011111
chr22	40104918	011011	011111
chr22	40335325	011011	011111
chr22	40507873	011011	011111
chr22	41949362	011011	011111
chr22	42372548	011011	011111
chr22	42493834	011011	011111
chr22	42864553	011011	011111
chr22	43102558	011011	011111
chr22	44294067	011011	011111
chr22	44487077	011011	011111
chr22	44914945	011011	011111
chr22	45081869	011011	011111
chr22	45984277	011011	011111
chr22	46135144	011011	011111
chr22	46325522	011011	011111
chr22	47324796	011011	011111
chr22	47343299	011011	011111
chr22	47362443	011011	011111
chr22	47625987	011011	011111
chr22	49132470	011011	011111
chr22	49695049	011011	011111
chr22	50679123	011011	011111
chr22	50712749	011011	011111
chr22	20322389	011011	011011
chr22	33255824	011011	011011
chr22	30547051	011010	011111
chr22	32555408	011010	011111
chr22	32839906	011010	011111
chr22	35148515	011010	011111
chr22	38130415	011010	011111
chr22	41256680	011010	011111
chr22	16288255	111110	111111
chr22	16302297	111110	111111
chr22	16302337	111110	111111
chr22	16406130	111110	111111
chr22	16647946	111110	111111
chr22	16649937	111110	111111
chr22	16913064	111110	111111
chr22	17026546	111110	111111
chr22	17374498	111110	111111
chr22	18863304	111110	111111
chr22	18904875	111110	111111
chr22	19284667	111110	111111
chr22	20320655	111110	111111
chr22	20795273	111110	111111
chr22	21684367	111110	111111
chr22	21819437	111110	111111
chr22	22643421	111110	111111
chr22	22827056	111110	111111
chr22	23853525	111110	111111
chr22	25255150	111110	111111
chr22	25450825	111110	111111
chr22	25458994	111110	111111
chr22	25883085	111110	111111
chr22	25977730	111110	111111
chr22	27130459	111110	111111
chr22	27315520	111110	111111
chr22	29761710	111110	111111
chr22	30410857	111110	111111
chr22	31907070	111110	111111
chr22	33423481	111110	111111
chr22	34521788	111110	111111
chr22	34754596	111110	111111
chr22	34963599	111110	111111
chr22	35888210	111110	111111
chr22	37296324	111110	111111
chr22	37862824	111110	111111
chr22	38080427	111110	111111
chr22	38740367	111110	111111
chr22	38787689	111110	111111
chr22	38787703	111110	111111
chr22	40773393	111110	111111
chr22	41608041	111110	111111
chr22	41730969	111110	111111
chr22	42872750	111110	111111
chr22	43306967	111110	111111
chr22	43915820	111110	111111
chr22	44524060	111110	111111
chr22	44817911	111110	111111
chr22	49249195	111110	111111
chr22	49249212	111110	111111
chr22	49828950	111110	111111
chr22	51126609	111110	111111
chr22	51134925	111110	111111
chr22	50066469	111110	111110
chr22	31780473	101010	101010
chr22	31780474	101010	101010
chr22	17031584	101011	111111
chr22	22239315	101011	111111
chr22	26746953	101011	111111
chr22	41038320	101011	111111
chr22	44461039	101011	111111
chr22	46915415	101011	111111
chr22	16113004	000101	000111
chr22	17164339	000101	000111
chr22	17780354	000101	000111
chr22	18151304	000101	000111
chr22	18157175	000101	000111
chr22	18315513	000101	000111
chr22	19223840	000101	000111
chr22	20096526	000101	000111
chr22	20116267	000101	000111
chr22	20298220	000101	000111
chr22	21104498	000101	000111
chr22	21249363	000101	000111
chr22	21941354	000101	000111
chr22	22792714	000101	000111
chr22	24433158	000101	000111
chr22	24969234	000101	000111
chr22	25583488	000101	000111
chr22	28353653	000101	000111
chr22	28478680	000101	000111
chr22	31324169	000101	000111
chr22	31601194	000101	000111
chr22	32101183	000101	000111
chr22	32282617	000101	000111
chr22	32397537	000101	000111
chr22	32565576	000101	000111
chr22	34389415	000101	000111
chr22	35035205	000101	000111
chr22	35141850	000101	000111
chr22	35684487	000101	000111
chr22	35687748	000101	000111
chr22	35691464	000101	000111
chr22	37497713	000101	000111
chr22	38874657	000101	000111
chr22	39090414	000101	000111
chr22	39306647	000101	000111
chr22	39999920	000101	000111
chr22	43813898	000101	000111
chr22	43825594	000101	000111
chr22	43919824	000101	000111
chr22	44516479	000101	000111
chr22	44625350	000101	000111
chr22	45293497	000101	000111
chr22	45796952	000101	000111
chr22	46661491	000101	000111
chr22	47262206	000101	000111
chr22	48616023	000101	000111
chr22	48854830	000101	000111
chr22	49005605	000101	000111
chr22	50015019	000101	000111
chr22	50135778	000101	000111
chr22	50625678	000101	000111
chr22	16463039	001001	011111
chr22	48875205	001001	011111
chr22	48875229	001001	011111
chr22	48875260	001001	011111
chr22	16083573	101110	111111
chr22	16990420	101110	111111
chr22	21588911	101110	111111
chr22	21683529	101110	111111
chr22	26930394	101110	111111
chr22	43030870	101110	111111
chr22	43822028	101110	111111
chr22	46321093	101110	111111
chr22	24932281	101101	111111
chr22	32680608	101101	111111
chr22	33212388	101101	111111
chr22	33244725	101101	111111
chr22	42963183	101101	111111
chr22	45724132	101101	111111
chr22	49006383	101101	111111
chr22	38626051	101101	101101
chr22	48787881	101100	111111
chr22	31780464	001010	011111
chr22	17190628	011110	011111
chr22	18474626	011110	011111
chr22	18595624	011110	011111
chr22	18789625	011110	011111
chr22	19096716	011110	011111
chr22	19579901	011110	011111
chr22	19616636	011110	011111
chr22	19977532	011110	011111
chr22	20141285	011110	011111
chr22	20968407	011110	011111
chr22	21172641	011110	011111
chr22	21520286	011110	011111
chr22	22471525	011110	011111
chr22	22686545	011110	011111
chr22	23967259	011110	011111
chr22	24010313	011110	011111
chr22	25535791	011110	011111
chr22	27256103	011110	011111
chr22	28008523	011110	011111
chr22	28137604	011110	011111
chr22	28605061	011110	011111
chr22	28615681	011110	011111
chr22	28843993	011110	011111
chr22	29345769	011110	011111
chr22	29629410	011110	011111
chr22	29758695	011110	011111
chr22	30544179	011110	011111
chr22	30892531	011110	011111
chr22	31567739	011110	011111
chr22	31896361	011110	011111
chr22	32028252	011110	011111
chr22	32431296	011110	011111
chr22	33471843	011110	011111
chr22	34683384	011110	011111
chr22	34829438	011110	011111
chr22	34918118	011110	011111
chr22	35419440	011110	011111
chr22	36187100	011110	011111
chr22	36572824	011110	011111
chr22	36723348	011110	011111
chr22	37288160	011110	011111
chr22	37854659	011110	011111
chr22	38178804	011110	011111
chr22	38376593	011110	011111
chr22	38421656	011110	011111
chr22	39398809	011110	011111
chr22	39941345	011110	011111
chr22	40499714	011110	011111
chr22	40514860	011110	011111
chr22	40614847	011110	011111
chr22	40781557	011110	011111
chr22	41231637	011110	011111
chr22	41616184	011110	011111
chr22	41722835	011110	011111
chr22	41957490	011110	011111
chr22	42862017	011110	011111
chr22	43055000	011110	011111
chr22	43235407	011110	011111
chr22	43903888	011110	011111
chr22	44212358	011110	011111
chr22	44835734	011110	011111
chr22	45015828	011110	011111
chr22	45280557	011110	011111
chr22	45313596	011110	011111
chr22	47853964	011110	011111
chr22	48024216	011110	011111
chr22	48514221	011110	011111
chr22	48863412	011110	011111
chr22	50091508	011110	011111
chr22	50250264	011110	011111
chr22	50532655	011110	011111
chr22	16307624	101001	101001
