-----
Chromosome	Location	Original Code	New Code
-----
chr22	49074950	0101100	0101100
chr22	49074954	0101100	0101100
chr22	16941074	0110111	1111111
chr22	17030449	0110111	1111111
chr22	17050777	0110111	1111111
chr22	17251056	0110111	1111111
chr22	18836501	0110111	1111111
chr22	23661800	0110111	1111111
chr22	25071320	0110111	1111111
chr22	31780625	0110111	1111111
chr22	31986132	0110111	1111111
chr22	42967809	0110111	1111111
chr22	51220848	0110111	1111111
chr22	16346070	0110111	0110111
chr22	18841052	0110111	0110111
chr22	16384689	1011101	1111111
chr22	18791458	1011101	1111111
chr22	44702252	1000010	1000010
chr22	48875229	1010101	1111111
chr22	51121148	1010101	1111111
chr22	25913027	0100100	0100100
chr22	16546284	0001101	0001111
chr22	16572598	0001101	0001111
chr22	19653018	0001101	0001111
chr22	19799066	0001101	0001111
chr22	19859678	0001101	0001111
chr22	19987548	0001101	0001111
chr22	20055100	0001101	0001111
chr22	20179099	0001101	0001111
chr22	20709784	0001101	0001111
chr22	21996184	0001101	0001111
chr22	23836218	0001101	0001111
chr22	23861767	0001101	0001111
chr22	24384261	0001101	0001111
chr22	24956292	0001101	0001111
chr22	25063031	0001101	0001111
chr22	25336700	0001101	0001111
chr22	25577153	0001101	0001111
chr22	26883171	0001101	0001111
chr22	27024316	0001101	0001111
chr22	27874204	0001101	0001111
chr22	28836705	0001101	0001111
chr22	29012294	0001101	0001111
chr22	29200847	0001101	0001111
chr22	29988165	0001101	0001111
chr22	30644408	0001101	0001111
chr22	32265012	0001101	0001111
chr22	32409253	0001101	0001111
chr22	34481444	0001101	0001111
chr22	35072245	0001101	0001111
chr22	35232828	0001101	0001111
chr22	35242266	0001101	0001111
chr22	35452633	0001101	0001111
chr22	35563559	0001101	0001111
chr22	35665795	0001101	0001111
chr22	35860323	0001101	0001111
chr22	36816998	0001101	0001111
chr22	40300165	0001101	0001111
chr22	40355538	0001101	0001111
chr22	40450653	0001101	0001111
chr22	40468837	0001101	0001111
chr22	40958282	0001101	0001111
chr22	40993584	0001101	0001111
chr22	41119317	0001101	0001111
chr22	42067943	0001101	0001111
chr22	42088392	0001101	0001111
chr22	43195033	0001101	0001111
chr22	43344146	0001101	0001111
chr22	43717439	0001101	0001111
chr22	44040328	0001101	0001111
chr22	44158065	0001101	0001111
chr22	44406758	0001101	0001111
chr22	44846574	0001101	0001111
chr22	46407801	0001101	0001111
chr22	46999841	0001101	0001111
chr22	47436013	0001101	0001111
chr22	47704860	0001101	0001111
chr22	48558812	0001101	0001111
chr22	48613412	0001101	0001111
chr22	49230889	0001101	0001111
chr22	49793383	0001101	0001111
chr22	50818469	0001101	0001111
chr22	50895988	0001101	0001111
chr22	25336704	0001101	0001101
chr22	16104668	1101101	1111111
chr22	16406130	1101101	1111111
chr22	19947347	1101101	1111111
chr22	21720452	1101101	1101101
chr22	49074933	1101110	1111111
chr22	16661659	1101110	1101110
chr22	45724050	1101110	1101110
chr22	16208767	1101111	1111111
chr22	16647946	1101111	1111111
chr22	16661856	1101111	1111111
chr22	16984522	1101111	1111111
chr22	16990392	1101111	1111111
chr22	17499512	1101111	1111111
chr22	18780549	1101111	1111111
chr22	19947346	1101111	1111111
chr22	20457060	1101111	1111111
chr22	20468135	1101111	1111111
chr22	21680702	1101111	1111111
chr22	21684367	1101111	1111111
chr22	23659643	1101111	1111111
chr22	25912968	1101111	1111111
chr22	34955296	1101111	1111111
chr22	38781817	1101111	1111111
chr22	48648411	1101111	1111111
chr22	18863304	1101111	1101111
chr22	19022175	1101111	1101111
chr22	21605678	1101011	1111111
chr22	50467610	1101011	1101011
chr22	50467481	1101010	1111111
chr22	16220458	0001110	0001111
chr22	16365289	0001110	0001111
chr22	16911440	0001110	0001111
chr22	17597359	0001110	0001111
chr22	19512599	0001110	0001111
chr22	19544498	0001110	0001111
chr22	19865714	0001110	0001111
chr22	20076312	0001110	0001111
chr22	25316485	0001110	0001111
chr22	25659388	0001110	0001111
chr22	25692143	0001110	0001111
chr22	27115071	0001110	0001111
chr22	29411967	0001110	0001111
chr22	29612706	0001110	0001111
chr22	29968646	0001110	0001111
chr22	29984585	0001110	0001111
chr22	30394571	0001110	0001111
chr22	31972585	0001110	0001111
chr22	34123050	0001110	0001111
chr22	35683498	0001110	0001111
chr22	36128711	0001110	0001111
chr22	37066139	0001110	0001111
chr22	37359160	0001110	0001111
chr22	37467451	0001110	0001111
chr22	37639069	0001110	0001111
chr22	37872234	0001110	0001111
chr22	38896797	0001110	0001111
chr22	39477006	0001110	0001111
chr22	39571081	0001110	0001111
chr22	39609550	0001110	0001111
chr22	40779630	0001110	0001111
chr22	41772001	0001110	0001111
chr22	42310242	0001110	0001111
chr22	43556751	0001110	0001111
chr22	44860771	0001110	0001111
chr22	45034800	0001110	0001111
chr22	45325432	0001110	0001111
chr22	46899564	0001110	0001111
chr22	47785383	0001110	0001111
chr22	48190260	0001110	0001111
chr22	49547317	0001110	0001111
chr22	51017551	0001110	0001111
chr22	16518953	0001110	0001110
chr22	16486574	0001010	0001111
chr22	21570790	0001010	0001111
chr22	45659288	0001010	0001111
chr22	22914345	0001010	0001010
chr22	22914349	0001010	0001010
chr22	16345549	1010011	1111111
chr22	49233160	1010011	1010011
chr22	18769970	1000001	1000001
chr22	25336642	1000001	1000001
chr22	20627265	1010010	1010010
chr22	16858793	0001011	0001111
chr22	18124791	0001011	0001111
chr22	18192570	0001011	0001111
chr22	19002223	0001011	0001111
chr22	19070788	0001011	0001111
chr22	19218501	0001011	0001111
chr22	19304742	0001011	0001111
chr22	19528377	0001011	0001111
chr22	19585754	0001011	0001111
chr22	20722522	0001011	0001111
chr22	21512375	0001011	0001111
chr22	22112758	0001011	0001111
chr22	23607520	0001011	0001111
chr22	25434084	0001011	0001111
chr22	27061999	0001011	0001111
chr22	27158661	0001011	0001111
chr22	27318532	0001011	0001111
chr22	28144289	0001011	0001111
chr22	28701305	0001011	0001111
chr22	29114395	0001011	0001111
chr22	29191547	0001011	0001111
chr22	31029624	0001011	0001111
chr22	32070180	0001011	0001111
chr22	32697945	0001011	0001111
chr22	32904266	0001011	0001111
chr22	33321036	0001011	0001111
chr22	35007992	0001011	0001111
chr22	36873512	0001011	0001111
chr22	37266355	0001011	0001111
chr22	37971439	0001011	0001111
chr22	38646314	0001011	0001111
chr22	39605969	0001011	0001111
chr22	40695983	0001011	0001111
chr22	41212548	0001011	0001111
chr22	42638120	0001011	0001111
chr22	42674712	0001011	0001111
chr22	42914284	0001011	0001111
chr22	44692392	0001011	0001111
chr22	44705765	0001011	0001111
chr22	45825574	0001011	0001111
chr22	47635802	0001011	0001111
chr22	48100536	0001011	0001111
chr22	48450076	0001011	0001111
chr22	48951655	0001011	0001111
chr22	48964459	0001011	0001111
chr22	49139421	0001011	0001111
chr22	49144780	0001011	0001111
chr22	49190854	0001011	0001111
chr22	49213156	0001011	0001111
chr22	49708271	0001011	0001111
chr22	49864293	0001011	0001111
chr22	50148963	0001011	0001111
chr22	24673494	0100001	0100001
chr22	49696558	0100001	0100001
chr22	25065777	0101111	1111111
chr22	21479770	0101111	0101111
chr22	21515683	0110101	1111111
chr22	21732051	0110101	1111111
chr22	44510539	0110101	0110101
chr22	16399783	1011111	1111111
chr22	16874804	1011111	1111111
chr22	16990420	1011111	1111111
chr22	19947361	1011111	1111111
chr22	21569167	1011111	1111111
chr22	22979131	1011111	1111111
chr22	23669878	1011111	1111111
chr22	35076455	1011111	1111111
chr22	49951798	1011111	1111111
chr22	21494149	1011111	1011111
chr22	21618989	1011111	1011111
chr22	16099957	0101110	1111111
chr22	19947360	1011110	1111111
chr22	48128434	1101100	1111111
chr22	16302297	0010011	0010011
chr22	47293811	1101000	1101000
chr22	21625196	0011000	0011000
chr22	16078974	0110110	0110110
chr22	44510273	0010100	0010100
chr22	48875205	0010100	0010100
chr22	16236958	1110111	1111111
chr22	16345429	1110111	1111111
chr22	16379072	1110111	1111111
chr22	16403205	1110111	1111111
chr22	16409806	1110111	1111111
chr22	16887582	1110111	1111111
chr22	16909454	1110111	1111111
chr22	16963338	1110111	1111111
chr22	16983044	1110111	1111111
chr22	17005100	1110111	1111111
chr22	17030503	1110111	1111111
chr22	17031420	1110111	1111111
chr22	17031447	1110111	1111111
chr22	17031725	1110111	1111111
chr22	17034741	1110111	1111111
chr22	17124893	1110111	1111111
chr22	17250740	1110111	1111111
chr22	17374498	1110111	1111111
chr22	17885484	1110111	1111111
chr22	18238291	1110111	1111111
chr22	18378002	1110111	1111111
chr22	18655607	1110111	1111111
chr22	18775018	1110111	1111111
chr22	19014464	1110111	1111111
chr22	19644303	1110111	1111111
chr22	19907920	1110111	1111111
chr22	20195928	1110111	1111111
chr22	20198211	1110111	1111111
chr22	20317542	1110111	1111111
chr22	20648144	1110111	1111111
chr22	20706869	1110111	1111111
chr22	20862646	1110111	1111111
chr22	21391554	1110111	1111111
chr22	21395414	1110111	1111111
chr22	21465050	1110111	1111111
chr22	21479887	1110111	1111111
chr22	21554218	1110111	1111111
chr22	21584355	1110111	1111111
chr22	21604777	1110111	1111111
chr22	21624702	1110111	1111111
chr22	21683651	1110111	1111111
chr22	21732021	1110111	1111111
chr22	21735049	1110111	1111111
chr22	22434937	1110111	1111111
chr22	22621464	1110111	1111111
chr22	22622953	1110111	1111111
chr22	22645583	1110111	1111111
chr22	22929268	1110111	1111111
chr22	23242716	1110111	1111111
chr22	24651963	1110111	1111111
chr22	24692619	1110111	1111111
chr22	25070183	1110111	1111111
chr22	25223920	1110111	1111111
chr22	25902141	1110111	1111111
chr22	25904746	1110111	1111111
chr22	26749825	1110111	1111111
chr22	27074303	1110111	1111111
chr22	27841982	1110111	1111111
chr22	28200176	1110111	1111111
chr22	28214101	1110111	1111111
chr22	31423849	1110111	1111111
chr22	32607175	1110111	1111111
chr22	32705098	1110111	1111111
chr22	34785768	1110111	1111111
chr22	34786233	1110111	1111111
chr22	34815205	1110111	1111111
chr22	34879061	1110111	1111111
chr22	35218200	1110111	1111111
chr22	35339413	1110111	1111111
chr22	36972401	1110111	1111111
chr22	37611392	1110111	1111111
chr22	37611396	1110111	1111111
chr22	37625644	1110111	1111111
chr22	39446528	1110111	1111111
chr22	39694225	1110111	1111111
chr22	40327452	1110111	1111111
chr22	41912750	1110111	1111111
chr22	42523211	1110111	1111111
chr22	44118772	1110111	1111111
chr22	44118787	1110111	1111111
chr22	45150389	1110111	1111111
chr22	45253872	1110111	1111111
chr22	45254203	1110111	1111111
chr22	47000761	1110111	1111111
chr22	47000776	1110111	1111111
chr22	47254884	1110111	1111111
chr22	47365201	1110111	1111111
chr22	47415024	1110111	1111111
chr22	47920146	1110111	1111111
chr22	48579318	1110111	1111111
chr22	48689450	1110111	1111111
chr22	49006383	1110111	1111111
chr22	49141288	1110111	1111111
chr22	49522184	1110111	1111111
chr22	49738358	1110111	1111111
chr22	49887912	1110111	1111111
chr22	50253683	1110111	1111111
chr22	50285050	1110111	1111111
chr22	50349644	1110111	1111111
chr22	50563140	1110111	1111111
chr22	50624082	1110111	1111111
chr22	50655098	1110111	1111111
chr22	50746656	1110111	1111111
chr22	51121192	1110111	1111111
chr22	16205497	1110111	1110111
chr22	17374102	1110111	1110111
chr22	18823722	1110111	1110111
chr22	21626227	1110111	1110111
chr22	21635607	1110111	1110111
chr22	51224899	1110111	1110111
chr22	16384639	0011001	0011001
chr22	19684423	0011001	0011001
chr22	25049562	1110110	1111111
chr22	42967403	1110110	1110110
chr22	21602657	0010010	0010010
chr22	16364923	0111100	1111111
chr22	24651330	0111100	1111111
chr22	21632883	0110001	0110001
chr22	16364901	1111110	1111111
chr22	16507651	1111110	1111111
chr22	16898206	1111110	1111111
chr22	18752106	1111110	1111111
chr22	18823741	1111110	1111111
chr22	19947359	1111110	1111111
chr22	20320229	1111110	1111111
chr22	20320242	1111110	1111111
chr22	20449100	1111110	1111111
chr22	20626695	1111110	1111111
chr22	24652371	1111110	1111111
chr22	25022677	1111110	1111111
chr22	36097664	1111110	1111111
chr22	51190878	1111110	1111111
chr22	16078893	1111110	1111110
chr22	16333119	1111110	1111110
chr22	22980270	0011101	1111111
chr22	16302337	1110011	1111111
chr22	24010403	1110011	1111111
chr22	24323878	1110011	1111111
chr22	18835298	1110011	1110011
chr22	16286476	0000110	0000111
chr22	16319526	0000110	0000111
chr22	16864914	0000110	0000111
chr22	16869423	0000110	0000111
chr22	17048201	0000110	0000111
chr22	17242631	0000110	0000111
chr22	17720971	0000110	0000111
chr22	18643538	0000110	0000111
chr22	19223666	0000110	0000111
chr22	19629679	0000110	0000111
chr22	19812277	0000110	0000111
chr22	20032593	0000110	0000111
chr22	20180156	0000110	0000111
chr22	20201054	0000110	0000111
chr22	20206162	0000110	0000111
chr22	20251295	0000110	0000111
chr22	20869387	0000110	0000111
chr22	22482660	0000110	0000111
chr22	22649102	0000110	0000111
chr22	22684568	0000110	0000111
chr22	23381981	0000110	0000111
chr22	23580076	0000110	0000111
chr22	23639584	0000110	0000111
chr22	23642082	0000110	0000111
chr22	24811218	0000110	0000111
chr22	25366474	0000110	0000111
chr22	25573868	0000110	0000111
chr22	25625502	0000110	0000111
chr22	25836746	0000110	0000111
chr22	25851975	0000110	0000111
chr22	25953179	0000110	0000111
chr22	25970325	0000110	0000111
chr22	26014479	0000110	0000111
chr22	26072860	0000110	0000111
chr22	26523815	0000110	0000111
chr22	26862269	0000110	0000111
chr22	27686926	0000110	0000111
chr22	27899921	0000110	0000111
chr22	27929961	0000110	0000111
chr22	28094214	0000110	0000111
chr22	28212829	0000110	0000111
chr22	28732169	0000110	0000111
chr22	29485736	0000110	0000111
chr22	29513478	0000110	0000111
chr22	29979675	0000110	0000111
chr22	30338550	0000110	0000111
chr22	30442323	0000110	0000111
chr22	31024469	0000110	0000111
chr22	31066482	0000110	0000111
chr22	31226933	0000110	0000111
chr22	31258406	0000110	0000111
chr22	31327239	0000110	0000111
chr22	31385999	0000110	0000111
chr22	31435562	0000110	0000111
chr22	31645599	0000110	0000111
chr22	32047997	0000110	0000111
chr22	32174486	0000110	0000111
chr22	32222588	0000110	0000111
chr22	32612899	0000110	0000111
chr22	32834416	0000110	0000111
chr22	32848018	0000110	0000111
chr22	32892776	0000110	0000111
chr22	32939588	0000110	0000111
chr22	33057626	0000110	0000111
chr22	33211243	0000110	0000111
chr22	33595297	0000110	0000111
chr22	33864487	0000110	0000111
chr22	34696101	0000110	0000111
chr22	35204688	0000110	0000111
chr22	35393030	0000110	0000111
chr22	35558690	0000110	0000111
chr22	35683348	0000110	0000111
chr22	35695734	0000110	0000111
chr22	35708850	0000110	0000111
chr22	35870626	0000110	0000111
chr22	36287670	0000110	0000111
chr22	36450331	0000110	0000111
chr22	36498308	0000110	0000111
chr22	37195725	0000110	0000111
chr22	37439430	0000110	0000111
chr22	37733229	0000110	0000111
chr22	38043513	0000110	0000111
chr22	38462814	0000110	0000111
chr22	38491177	0000110	0000111
chr22	38498703	0000110	0000111
chr22	39744785	0000110	0000111
chr22	39792927	0000110	0000111
chr22	39952519	0000110	0000111
chr22	40428638	0000110	0000111
chr22	40792249	0000110	0000111
chr22	40838213	0000110	0000111
chr22	41594479	0000110	0000111
chr22	41863061	0000110	0000111
chr22	41883106	0000110	0000111
chr22	42287444	0000110	0000111
chr22	42682936	0000110	0000111
chr22	43338713	0000110	0000111
chr22	43533596	0000110	0000111
chr22	43606155	0000110	0000111
chr22	43934683	0000110	0000111
chr22	44721941	0000110	0000111
chr22	45019090	0000110	0000111
chr22	45147732	0000110	0000111
chr22	45160924	0000110	0000111
chr22	45471334	0000110	0000111
chr22	45697964	0000110	0000111
chr22	45772415	0000110	0000111
chr22	46333772	0000110	0000111
chr22	46497125	0000110	0000111
chr22	46611159	0000110	0000111
chr22	46647314	0000110	0000111
chr22	47693776	0000110	0000111
chr22	48021128	0000110	0000111
chr22	48162005	0000110	0000111
chr22	48346596	0000110	0000111
chr22	48486269	0000110	0000111
chr22	48866724	0000110	0000111
chr22	49019415	0000110	0000111
chr22	49032699	0000110	0000111
chr22	49272616	0000110	0000111
chr22	49331331	0000110	0000111
chr22	49764317	0000110	0000111
chr22	49858564	0000110	0000111
chr22	49909260	0000110	0000111
chr22	50061414	0000110	0000111
chr22	50277817	0000110	0000111
chr22	50526454	0000110	0000111
chr22	16945886	0000101	0000111
chr22	16952699	0000101	0000111
chr22	16954831	0000101	0000111
chr22	16977616	0000101	0000111
chr22	17932710	0000101	0000111
chr22	18159062	0000101	0000111
chr22	18436181	0000101	0000111
chr22	18457922	0000101	0000111
chr22	19223440	0000101	0000111
chr22	19799131	0000101	0000111
chr22	20749677	0000101	0000111
chr22	21014622	0000101	0000111
chr22	21021304	0000101	0000111
chr22	22377441	0000101	0000111
chr22	22615734	0000101	0000111
chr22	22821859	0000101	0000111
chr22	22868832	0000101	0000111
chr22	22993698	0000101	0000111
chr22	22998365	0000101	0000111
chr22	23040912	0000101	0000111
chr22	23383050	0000101	0000111
chr22	23464274	0000101	0000111
chr22	23745044	0000101	0000111
chr22	24023530	0000101	0000111
chr22	24576885	0000101	0000111
chr22	24842439	0000101	0000111
chr22	25088399	0000101	0000111
chr22	25246001	0000101	0000111
chr22	25391619	0000101	0000111
chr22	26242303	0000101	0000111
chr22	26354849	0000101	0000111
chr22	26479342	0000101	0000111
chr22	26517168	0000101	0000111
chr22	26574044	0000101	0000111
chr22	27171709	0000101	0000111
chr22	27384393	0000101	0000111
chr22	27409733	0000101	0000111
chr22	28134282	0000101	0000111
chr22	28251391	0000101	0000111
chr22	29321683	0000101	0000111
chr22	29846824	0000101	0000111
chr22	30125428	0000101	0000111
chr22	30365690	0000101	0000111
chr22	30550168	0000101	0000111
chr22	30849999	0000101	0000111
chr22	31266247	0000101	0000111
chr22	32000164	0000101	0000111
chr22	32257423	0000101	0000111
chr22	32332781	0000101	0000111
chr22	32454417	0000101	0000111
chr22	32501769	0000101	0000111
chr22	33373316	0000101	0000111
chr22	33423699	0000101	0000111
chr22	33749799	0000101	0000111
chr22	35695282	0000101	0000111
chr22	35778843	0000101	0000111
chr22	35932855	0000101	0000111
chr22	35972612	0000101	0000111
chr22	35986932	0000101	0000111
chr22	36307368	0000101	0000111
chr22	36342784	0000101	0000111
chr22	36343215	0000101	0000111
chr22	37020176	0000101	0000111
chr22	37371183	0000101	0000111
chr22	38302675	0000101	0000111
chr22	38540231	0000101	0000111
chr22	38575205	0000101	0000111
chr22	39355674	0000101	0000111
chr22	39415697	0000101	0000111
chr22	39489693	0000101	0000111
chr22	39657296	0000101	0000111
chr22	39718359	0000101	0000111
chr22	40679370	0000101	0000111
chr22	40990453	0000101	0000111
chr22	41076204	0000101	0000111
chr22	41137545	0000101	0000111
chr22	41403441	0000101	0000111
chr22	41612082	0000101	0000111
chr22	41748430	0000101	0000111
chr22	41928418	0000101	0000111
chr22	41942834	0000101	0000111
chr22	42169815	0000101	0000111
chr22	42289315	0000101	0000111
chr22	42373494	0000101	0000111
chr22	42991270	0000101	0000111
chr22	43523112	0000101	0000111
chr22	43594003	0000101	0000111
chr22	43603189	0000101	0000111
chr22	43763136	0000101	0000111
chr22	43906859	0000101	0000111
chr22	44204810	0000101	0000111
chr22	44219138	0000101	0000111
chr22	44524055	0000101	0000111
chr22	44930737	0000101	0000111
chr22	45133867	0000101	0000111
chr22	45207367	0000101	0000111
chr22	45613390	0000101	0000111
chr22	45769988	0000101	0000111
chr22	45985961	0000101	0000111
chr22	46161532	0000101	0000111
chr22	46403772	0000101	0000111
chr22	46524077	0000101	0000111
chr22	46570120	0000101	0000111
chr22	46793142	0000101	0000111
chr22	46809992	0000101	0000111
chr22	46960168	0000101	0000111
chr22	47338448	0000101	0000111
chr22	47680662	0000101	0000111
chr22	47769713	0000101	0000111
chr22	47792439	0000101	0000111
chr22	47847809	0000101	0000111
chr22	47995922	0000101	0000111
chr22	48293259	0000101	0000111
chr22	48317044	0000101	0000111
chr22	48967247	0000101	0000111
chr22	49288544	0000101	0000111
chr22	49417606	0000101	0000111
chr22	49435430	0000101	0000111
chr22	49715272	0000101	0000111
chr22	49860281	0000101	0000111
chr22	51143707	0000101	0000111
chr22	51144474	0000101	0000111
chr22	51146598	0000101	0000111
chr22	21586643	0011110	1111111
chr22	16102602	1111101	1111111
chr22	16103935	1111101	1111111
chr22	16223418	1111101	1111111
chr22	16288255	1111101	1111111
chr22	16354754	1111101	1111111
chr22	18774367	1111101	1111111
chr22	18843741	1111101	1111111
chr22	21050418	1111101	1111111
chr22	50066487	1111101	1111111
chr22	16338055	1111101	1111101
chr22	21480271	1111101	1111101
chr22	16113372	1111100	1111111
chr22	38781082	1111100	1111111
chr22	43030870	1111100	1111100
chr22	23653555	1011011	1111111
chr22	48981270	1011011	1011011
chr22	18748118	0110011	0110011
chr22	18798951	0110011	0110011
chr22	18802400	1100101	1100101
chr22	20449216	1111000	1111111
chr22	21066930	1111000	1111111
chr22	20491664	0011010	0011010
chr22	45280557	0011011	1111111
chr22	48128394	0011011	0011011
chr22	44509392	0100110	0100110
chr22	47256013	0100110	0100110
chr22	25697952	0111110	1111111
chr22	49122311	0111110	1111111
chr22	51212207	0111110	1111111
chr22	18787128	0100111	1111111
chr22	21548497	0100111	1111111
chr22	50066469	0100111	0100111
chr22	16061992	0111111	1111111
chr22	16289064	0111111	1111111
chr22	16341685	0111111	1111111
chr22	16347540	0111111	1111111
chr22	16433771	0111111	1111111
chr22	16489901	0111111	1111111
chr22	16517477	0111111	1111111
chr22	16546581	0111111	1111111
chr22	16878305	0111111	1111111
chr22	16878423	0111111	1111111
chr22	16899028	0111111	1111111
chr22	16941622	0111111	1111111
chr22	16951743	0111111	1111111
chr22	16971082	0111111	1111111
chr22	16991519	0111111	1111111
chr22	16995151	0111111	1111111
chr22	17020827	0111111	1111111
chr22	17026477	0111111	1111111
chr22	17030334	0111111	1111111
chr22	17056415	0111111	1111111
chr22	17225692	0111111	1111111
chr22	17232006	0111111	1111111
chr22	17251988	0111111	1111111
chr22	17654068	0111111	1111111
chr22	17797447	0111111	1111111
chr22	17797450	0111111	1111111
chr22	18813500	0111111	1111111
chr22	18844942	0111111	1111111
chr22	18923183	0111111	1111111
chr22	18950714	0111111	1111111
chr22	18950722	0111111	1111111
chr22	19640653	0111111	1111111
chr22	20472216	0111111	1111111
chr22	20474593	0111111	1111111
chr22	20491456	0111111	1111111
chr22	20656747	0111111	1111111
chr22	20705118	0111111	1111111
chr22	20718029	0111111	1111111
chr22	21090022	0111111	1111111
chr22	21205921	0111111	1111111
chr22	21572364	0111111	1111111
chr22	21575800	0111111	1111111
chr22	21581864	0111111	1111111
chr22	21609069	0111111	1111111
chr22	22053880	0111111	1111111
chr22	23482718	0111111	1111111
chr22	23513921	0111111	1111111
chr22	23653880	0111111	1111111
chr22	23772996	0111111	1111111
chr22	23833130	0111111	1111111
chr22	23883828	0111111	1111111
chr22	23884047	0111111	1111111
chr22	24363160	0111111	1111111
chr22	24651349	0111111	1111111
chr22	24840734	0111111	1111111
chr22	25065795	0111111	1111111
chr22	25205719	0111111	1111111
chr22	25212863	0111111	1111111
chr22	25902672	0111111	1111111
chr22	25908396	0111111	1111111
chr22	26224632	0111111	1111111
chr22	26641443	0111111	1111111
chr22	26701907	0111111	1111111
chr22	26831077	0111111	1111111
chr22	26979169	0111111	1111111
chr22	27305781	0111111	1111111
chr22	27758706	0111111	1111111
chr22	27918505	0111111	1111111
chr22	31566173	0111111	1111111
chr22	32062608	0111111	1111111
chr22	32193229	0111111	1111111
chr22	32657767	0111111	1111111
chr22	32729982	0111111	1111111
chr22	32738838	0111111	1111111
chr22	32769351	0111111	1111111
chr22	32769845	0111111	1111111
chr22	32769853	0111111	1111111
chr22	33138590	0111111	1111111
chr22	33237191	0111111	1111111
chr22	34071608	0111111	1111111
chr22	34206341	0111111	1111111
chr22	34274556	0111111	1111111
chr22	34793228	0111111	1111111
chr22	34806552	0111111	1111111
chr22	35030207	0111111	1111111
chr22	35186202	0111111	1111111
chr22	35492558	0111111	1111111
chr22	35518476	0111111	1111111
chr22	35561864	0111111	1111111
chr22	35592778	0111111	1111111
chr22	35654635	0111111	1111111
chr22	35658022	0111111	1111111
chr22	35666515	0111111	1111111
chr22	35685074	0111111	1111111
chr22	35698351	0111111	1111111
chr22	35739335	0111111	1111111
chr22	36114551	0111111	1111111
chr22	36928109	0111111	1111111
chr22	37507250	0111111	1111111
chr22	37642314	0111111	1111111
chr22	37642348	0111111	1111111
chr22	37668731	0111111	1111111
chr22	39276470	0111111	1111111
chr22	39668922	0111111	1111111
chr22	39997170	0111111	1111111
chr22	41586320	0111111	1111111
chr22	41608526	0111111	1111111
chr22	42351289	0111111	1111111
chr22	42390093	0111111	1111111
chr22	42748461	0111111	1111111
chr22	42919254	0111111	1111111
chr22	42967819	0111111	1111111
chr22	42967823	0111111	1111111
chr22	43023980	0111111	1111111
chr22	43171045	0111111	1111111
chr22	43503547	0111111	1111111
chr22	44511309	0111111	1111111
chr22	44637864	0111111	1111111
chr22	45217021	0111111	1111111
chr22	45254717	0111111	1111111
chr22	45450904	0111111	1111111
chr22	46963270	0111111	1111111
chr22	46983372	0111111	1111111
chr22	46986445	0111111	1111111
chr22	47073801	0111111	1111111
chr22	47358892	0111111	1111111
chr22	47364456	0111111	1111111
chr22	47416709	0111111	1111111
chr22	47420776	0111111	1111111
chr22	47877994	0111111	1111111
chr22	47998443	0111111	1111111
chr22	48012138	0111111	1111111
chr22	48285457	0111111	1111111
chr22	48744759	0111111	1111111
chr22	49571784	0111111	1111111
chr22	49620339	0111111	1111111
chr22	49823473	0111111	1111111
chr22	49921446	0111111	1111111
chr22	50303990	0111111	1111111
chr22	50340034	0111111	1111111
chr22	50587979	0111111	1111111
chr22	50722408	0111111	1111111
chr22	51228888	0111111	1111111
chr22	16210642	0111111	0111111
chr22	16296696	0111111	0111111
chr22	18801179	0111111	0111111
chr22	18841931	0111111	0111111
chr22	22977536	0111111	0111111
chr22	24010396	0111111	0111111
chr22	47999083	0111111	0111111
chr22	16104288	1111001	1111111
chr22	16973059	1111001	1111111
chr22	16973063	1111001	1111111
chr22	21718250	1111001	1111001
chr22	21063672	1011010	1111111
chr22	19022182	1001100	1001100
chr22	21718120	1001101	1111111
chr22	49132199	1001101	1111111
chr22	51118478	1001101	1001101
chr22	25701126	1010111	1111111
chr22	25701127	1010111	1111111
chr22	16345547	1010111	1010111
chr22	16055112	0001100	0001111
chr22	17182330	0001100	0001111
chr22	19137169	0001100	0001111
chr22	22306626	0001100	0001111
chr22	32846128	0001100	0001111
chr22	36656257	0001100	0001111
chr22	42963187	1010110	1111111
chr22	16952978	0111011	1111111
chr22	18802480	0111011	1111111
chr22	18831620	0111011	1111111
chr22	20354187	0111011	1111111
chr22	21639323	0111011	1111111
chr22	20502333	0111011	0111011
chr22	20501608	1110001	1111111
chr22	18725820	0011111	0011111
chr22	35563729	0011111	0011111
chr22	45724132	0011111	0011111
chr22	18752145	0111010	0111010
chr22	45280551	1110010	1111111
chr22	22981754	1000110	1000110
chr22	42963183	1000110	1000110
chr22	43900746	0100011	0100011
chr22	16540035	0100010	0100010
chr22	16434648	1001110	1001110
chr22	21718261	1011001	1011001
chr22	21071059	0001001	0001111
chr22	28477842	0001001	0001111
chr22	30335295	0001001	0001111
chr22	32057424	0001001	0001111
chr22	43190392	0001001	0001111
chr22	49543418	0001001	0001111
chr22	25336718	0001001	0001001
chr22	19684429	1010001	1010001
chr22	44509903	1010001	1010001
chr22	25071286	1100111	1111111
chr22	50066435	1100111	1100111
chr22	25002815	1111010	1111111
chr22	51227891	1111010	1111111
chr22	51235547	1111010	1111010
chr22	21718239	0100101	0100101
chr22	21718264	0100101	0100101
chr22	20486571	0111101	1111111
chr22	51229495	0111101	1111111
chr22	21665168	0111101	0111101
chr22	16098314	1111011	1111111
chr22	16251281	1111011	1111111
chr22	16340551	1111011	1111111
chr22	16661840	1111011	1111111
chr22	16913064	1111011	1111111
chr22	17373889	1111011	1111111
chr22	18767839	1111011	1111111
chr22	18773792	1111011	1111111
chr22	18789625	1111011	1111111
chr22	20298581	1111011	1111111
chr22	21050319	1111011	1111111
chr22	21050335	1111011	1111111
chr22	21470346	1111011	1111111
chr22	21719813	1111011	1111111
chr22	21719815	1111011	1111111
chr22	23680589	1111011	1111111
chr22	25642250	1111011	1111111
chr22	25642251	1111011	1111111
chr22	35888210	1111011	1111111
chr22	42972485	1111011	1111111
chr22	46951789	1111011	1111111
chr22	16522386	1111011	1111011
chr22	25006710	1111011	1111011
