-----
Chromosome	Location	Original Code	New Code
-----
chr22	26856791	001110101	001111111
chr22	34698423	001110101	001111111
chr22	40185011	001110101	001111111
chr22	21625196	101000100	101000100
chr22	16237555	101111111	111111111
chr22	16364901	101111111	111111111
chr22	16413575	101111111	111111111
chr22	16984522	101111111	111111111
chr22	16990407	101111111	111111111
chr22	17374133	101111111	111111111
chr22	19684423	101111111	111111111
chr22	20291481	101111111	111111111
chr22	20471978	101111111	111111111
chr22	21680702	101111111	111111111
chr22	21682565	101111111	111111111
chr22	22980270	101111111	111111111
chr22	24010403	101111111	111111111
chr22	24010477	101111111	111111111
chr22	44233426	101111111	111111111
chr22	50253683	101111111	111111111
chr22	16451245	101111111	101111111
chr22	47999083	101111111	101111111
chr22	16406130	101111110	111111111
chr22	25022677	101111110	111111111
chr22	25002850	001000100	001000100
chr22	18831620	010111111	111111111
chr22	16307624	010000101	010000101
chr22	50467368	010000101	010000101
chr22	25070472	111010000	111010000
chr22	19688483	010000110	010000110
chr22	19054723	000001001	000001111
chr22	22781746	000001001	000001111
chr22	22989188	000001001	000001111
chr22	27422157	000001001	000001111
chr22	31069686	000001001	000001111
chr22	32042171	000001001	000001111
chr22	35156929	000001001	000001111
chr22	35817109	000001001	000001111
chr22	40216167	000001001	000001111
chr22	40407942	000001001	000001111
chr22	42909338	000001001	000001111
chr22	43156871	000001001	000001111
chr22	45611139	000001001	000001111
chr22	47919836	000001001	000001111
chr22	48934232	000001001	000001111
chr22	50931543	000001001	000001111
chr22	23688906	100010000	100010000
chr22	17251988	110001111	111111111
chr22	19947346	011110111	111111111
chr22	51215028	011110111	111111111
chr22	49258220	110111000	110111000
chr22	51123920	000110101	001111111
chr22	24369345	000110100	000110100
chr22	24644969	000110100	000110100
chr22	21470346	011011111	111111111
chr22	16898206	101111000	101111000
chr22	18787128	101111001	111111111
chr22	20298220	001110110	001111111
chr22	22376428	001110110	001111111
chr22	16331244	001110111	001111111
chr22	17174613	001110111	001111111
chr22	21381687	001110111	001111111
chr22	25141491	001110111	001111111
chr22	28950409	001110111	001111111
chr22	32006802	001110111	001111111
chr22	35831088	001110111	001111111
chr22	42806821	001110111	001111111
chr22	42856303	001110111	001111111
chr22	49793383	001110111	001111111
chr22	51052498	001110111	001111111
chr22	31780471	010100010	010100010
chr22	31780473	010100010	010100010
chr22	31780474	010100010	010100010
chr22	48648660	001001001	001101111
chr22	48648663	001001001	001101111
chr22	43161842	000011001	000011001
chr22	16579906	111011011	111111111
chr22	17499030	111011011	111111111
chr22	20449216	111011011	111111111
chr22	19947361	001001101	001111111
chr22	48875260	111010010	111010010
chr22	48981270	001100101	001100101
chr22	48875229	111010011	111010011
chr22	35477516	001010101	001111111
chr22	21726944	000010001	000010001
chr22	23681221	100100110	100100110
chr22	16205497	001100110	001100110
chr22	19022175	111101010	111111111
chr22	16078974	101010010	101010010
chr22	43277510	001100011	001111111
chr22	18580210	000000011	000000111
chr22	19209178	000000011	000000111
chr22	19512316	000000011	000000111
chr22	26736038	000000011	000000111
chr22	27049215	000000011	000000111
chr22	31781117	000000011	000000111
chr22	32191042	000000011	000000111
chr22	38427818	000000011	000000111
chr22	40795015	000000011	000000111
chr22	43109639	000000011	000000111
chr22	47249243	000000011	000000111
chr22	47906929	000000011	000000111
chr22	48623292	000000011	000000111
chr22	49914673	000000011	000000111
chr22	21517491	001001010	001101111
chr22	38729450	000110111	001111111
chr22	23669878	101101101	111111111
chr22	32851911	001101100	001111111
chr22	48875205	011010111	111111111
chr22	20327387	001010111	001010111
chr22	20486571	001010110	001111111
chr22	48978581	100111011	100111011
chr22	40426548	001101001	001111111
chr22	16288255	111101100	111111111
chr22	19947359	101001111	111111111
chr22	17374102	101001110	101001110
chr22	19684429	101001110	101001110
chr22	16104668	110101111	111111111
chr22	23680589	110101111	111111111
chr22	21517725	111110011	111111111
chr22	49951798	111110011	111111111
chr22	21665168	111110011	111110011
chr22	23112627	001110011	001111111
chr22	24298663	001110011	001111111
chr22	30823131	000101101	001111111
chr22	20491664	100111110	111111111
chr22	23501438	000010111	001111111
chr22	21683529	000010110	000010110
chr22	16365117	101101111	111111111
chr22	17374498	101101111	111111111
chr22	49662220	101101111	101101111
chr22	32491829	001101110	001111111
chr22	16218083	011111111	111111111
chr22	16661659	011111111	111111111
chr22	17030951	011111111	111111111
chr22	18775018	011111111	111111111
chr22	20394526	011111111	111111111
chr22	21662663	011111111	111111111
chr22	21665308	011111111	111111111
chr22	23242844	011111111	111111111
chr22	45280557	011111111	111111111
chr22	51118478	011111111	111111111
chr22	20320763	011111111	011111111
chr22	21625385	011111111	011111111
chr22	25043619	011111111	011111111
chr22	25002815	011010101	011010101
chr22	21602657	011101101	111111111
chr22	20502333	011101101	011101101
chr22	16655144	011111110	111111111
chr22	51220848	011111110	111111111
chr22	25913027	100011011	100011011
chr22	24323878	010111000	010111000
chr22	16990420	111111011	111111111
chr22	17031584	111111011	111111111
chr22	17509984	111111011	111111111
chr22	18836515	111111011	111111111
chr22	20320229	111111011	111111111
chr22	20624711	111111011	111111111
chr22	21732051	111111011	111111111
chr22	23653555	111111011	111111111
chr22	25071320	111111011	111111111
chr22	41993496	111111011	111111111
chr22	47255448	111111011	111111111
chr22	47744325	111111011	111111111
chr22	16370306	111111011	111111011
chr22	16403276	111111011	111111011
chr22	16476596	111111011	111111011
chr22	20354187	111111011	111111011
chr22	21505702	111111011	111111011
chr22	42563529	011001000	011001000
chr22	45140591	101100110	101100110
chr22	16340551	111111010	111111111
chr22	21718239	111111010	111111111
chr22	21718264	111111010	111111111
chr22	18787761	110110110	111111111
chr22	16345549	010111101	111111111
chr22	18774367	101111101	111111111
chr22	49074954	101000111	101000111
chr22	50607268	101110111	111111111
chr22	47255567	101110110	101110110
chr22	16236958	110110101	110110101
chr22	18197164	000101110	001111111
chr22	16216198	000101111	001111111
chr22	19095599	000101111	001111111
chr22	25934948	000101111	001111111
chr22	28052103	000101111	001111111
chr22	21515683	011111101	011111101
chr22	16409256	110111111	111111111
chr22	17005083	110111111	111111111
chr22	18775424	110111111	111111111
chr22	18838749	110111111	111111111
chr22	34493709	110111111	111111111
chr22	38120429	110111111	111111111
chr22	42967403	110111111	111111111
chr22	49016539	110111111	111111111
chr22	51227891	110111111	111111111
chr22	16210881	110111111	110111111
chr22	16354754	110111111	110111111
chr22	36131201	110111110	110111110
chr22	21720452	001101101	001111111
chr22	43313889	001101101	001111111
chr22	16208762	011001111	111111111
chr22	20626695	011001110	011001110
chr22	16302297	011111001	111111111
chr22	21549028	111000100	111000100
chr22	47293811	010000001	010000001
chr22	48128394	111100000	111100000
chr22	18086024	000001100	000001111
chr22	25796383	000001100	000001111
chr22	30753314	000001100	000001111
chr22	35004536	000001100	000001111
chr22	36952165	000001100	000001111
chr22	37602657	000001100	000001111
chr22	40146601	000001100	000001111
chr22	41110859	000001100	000001111
chr22	41265274	000001100	000001111
chr22	43698510	000001100	000001111
chr22	45509119	000001100	000001111
chr22	46903199	000001100	000001111
chr22	47355089	000001100	000001111
chr22	48445085	000001100	000001111
chr22	51224582	000001100	000001111
chr22	24673494	110100100	110100100
chr22	17628083	100101001	100101001
chr22	48978583	100101000	100101000
chr22	26823464	111000010	111000010
chr22	18752106	100101111	111111111
chr22	43030870	100101110	100101110
chr22	49074977	110000101	110000101
chr22	49074978	110000101	110000101
chr22	16082887	100011111	111111111
chr22	32846128	110100000	110100000
chr22	17107395	000000110	000000111
chr22	21448071	000000110	000000111
chr22	21969054	000000110	000000111
chr22	22421999	000000110	000000111
chr22	23397217	000000110	000000111
chr22	27264221	000000110	000000111
chr22	29284276	000000110	000000111
chr22	30392737	000000110	000000111
chr22	30737721	000000110	000000111
chr22	32993561	000000110	000000111
chr22	32994165	000000110	000000111
chr22	36685632	000000110	000000111
chr22	37803423	000000110	000000111
chr22	38584349	000000110	000000111
chr22	40477026	000000110	000000111
chr22	43237807	000000110	000000111
chr22	44530167	000000110	000000111
chr22	47425337	000000110	000000111
chr22	20322773	111100110	111111111
chr22	24651963	111000011	111000011
chr22	16990392	101011111	111111111
chr22	31780464	110100110	110100110
chr22	16364923	111101110	111111111
chr22	18798951	111101110	111111111
chr22	21570790	110100111	111111111
chr22	51229495	110100111	111111111
chr22	16061992	111101111	111111111
chr22	16229769	111101111	111111111
chr22	16302077	111101111	111111111
chr22	16494473	111101111	111111111
chr22	17124893	111101111	111111111
chr22	18652023	111101111	111111111
chr22	18780513	111101111	111111111
chr22	20324038	111101111	111111111
chr22	23883654	111101111	111111111
chr22	24009879	111101111	111111111
chr22	49249212	111101111	111111111
chr22	44510886	100000010	100000010
chr22	49074865	100000010	100000010
chr22	16507651	110110001	110110001
chr22	49093887	100000001	100000001
chr22	49696548	100000001	100000001
chr22	16098314	111110101	111111111
chr22	16347827	111110101	111111111
chr22	49122311	111101101	111111111
chr22	18802400	110000111	110000111
chr22	16096159	111011111	111111111
chr22	16208756	111011111	111111111
chr22	16384689	111011111	111111111
chr22	17366493	111011111	111111111
chr22	18774869	111011111	111111111
chr22	18841052	111011111	111111111
chr22	21494149	111011111	111111111
chr22	21605678	111011111	111111111
chr22	21637140	111011111	111111111
chr22	22620879	111011111	111111111
chr22	22991257	111011111	111111111
chr22	24651927	111011111	111111111
chr22	25701126	111011111	111111111
chr22	25701127	111011111	111111111
chr22	35076455	111011111	111111111
chr22	37496460	111011111	111111111
chr22	38781082	111011111	111111111
chr22	44509843	111011111	111111111
chr22	51120335	111011111	111111111
chr22	16379072	111011111	111011111
chr22	16446210	111011111	111011111
chr22	18789062	111011111	111011111
chr22	20377592	111011111	111011111
chr22	20505550	111011111	111011111
chr22	49016546	111011111	111011111
chr22	49016553	111011111	111011111
chr22	16083573	111011110	111111111
chr22	16365289	111011110	111111111
chr22	16384639	111011110	111111111
chr22	25663036	111011110	111111111
chr22	48648411	111011110	111111111
chr22	50066435	111011101	111011101
chr22	18655607	011101111	111111111
chr22	21071059	111110000	111110000
chr22	47000916	111110000	111110000
chr22	25336700	000101010	000101010
chr22	25336704	000101010	000101010
chr22	48128434	100110100	100110100
chr22	20706869	101010101	101010101
chr22	18946995	001111110	001111111
chr22	23048970	001111110	001111111
chr22	25331050	001111110	001111111
chr22	26730827	001111110	001111111
chr22	31806672	001111110	001111111
chr22	32566965	001111110	001111111
chr22	33791068	001111110	001111111
chr22	35543142	001111110	001111111
chr22	38469226	001111110	001111111
chr22	39230488	001111110	001111111
chr22	41636196	001111110	001111111
chr22	43002676	001111110	001111111
chr22	45295605	001111110	001111111
chr22	46867965	001111110	001111111
chr22	48330645	001111110	001111111
chr22	50706327	001111110	001111111
chr22	50759260	001111110	001111111
chr22	16099957	010110011	010110011
chr22	25336718	000100010	000100010
chr22	43044856	000011000	000011000
chr22	32035842	000111010	001111111
chr22	30442061	000111011	001111111
chr22	18748118	110010000	110010000
chr22	16113372	111111101	111111111
chr22	16464716	111111101	111111111
chr22	16941074	111111101	111111111
chr22	17373889	111111101	111111111
chr22	20640732	111111101	111111111
chr22	21050418	111111101	111111111
chr22	21586643	111111101	111111111
chr22	21709742	111111101	111111111
chr22	22979131	111111101	111111111
chr22	42905055	111111101	111111111
chr22	42963183	111111101	111111111
chr22	16546581	111111101	111111101
chr22	21588911	101010001	101010001
chr22	16571243	111111100	111111111
chr22	50066487	111111100	111111111
chr22	25513999	000111101	001111111
chr22	35932798	000111101	001111111
chr22	37509855	001111010	001111111
chr22	20438352	100110001	100110001
chr22	17850761	001111011	001111111
chr22	20627265	001111011	001111111
chr22	22354691	001111011	001111111
chr22	24466458	001111011	001111111
chr22	24747760	001111011	001111111
chr22	26408963	001111011	001111111
chr22	26691372	001111011	001111111
chr22	28563643	001111011	001111111
chr22	29543279	001111011	001111111
chr22	30404678	001111011	001111111
chr22	35953982	001111011	001111111
chr22	36244645	001111011	001111111
chr22	46940423	001111011	001111111
chr22	47195341	001111011	001111111
chr22	49132199	001111011	001111111
chr22	49490038	001111011	001111111
chr22	16081329	111010111	111111111
chr22	16251281	111010111	111111111
chr22	18789625	111010111	111111111
chr22	16387795	111010111	111010111
chr22	18029128	000111111	001111111
chr22	18420130	000111111	001111111
chr22	24292512	000111111	001111111
chr22	24500352	000111111	001111111
chr22	26800787	000111111	001111111
chr22	27482266	000111111	001111111
chr22	27572486	000111111	001111111
chr22	29445510	000111111	001111111
chr22	29986982	000111111	001111111
chr22	30118367	000111111	001111111
chr22	31463040	000111111	001111111
chr22	33769899	000111111	001111111
chr22	33835128	000111111	001111111
chr22	34642260	000111111	001111111
chr22	38947136	000111111	001111111
chr22	46139107	000111111	001111111
chr22	47271581	000111111	001111111
chr22	48079417	000111111	001111111
chr22	49297369	000111111	001111111
chr22	49074950	111010110	111111111
chr22	29072502	000111110	001111111
chr22	39874096	001011011	001111111
chr22	37684736	001111001	001111111
chr22	16346070	111111110	111111111
chr22	16551355	111111110	111111111
chr22	17031447	111111110	111111111
chr22	18841931	111111110	111111111
chr22	20329369	111111110	111111111
chr22	21050335	111111110	111111111
chr22	21067806	111111110	111111111
chr22	21819437	111111110	111111111
chr22	25697952	111111110	111111111
chr22	27214989	111111110	111111111
chr22	34796314	111111110	111111111
chr22	34796331	111111110	111111111
chr22	35563729	111111110	111111111
chr22	50250345	111111110	111111111
chr22	16223418	111111110	111111110
chr22	20650506	111111110	111111110
chr22	20322149	111110110	111111111
chr22	47256013	111110110	111111111
chr22	16338055	111110111	111111111
chr22	16463039	111110111	111111111
chr22	16655722	111110111	111111111
chr22	16661840	111110111	111111111
chr22	16953405	111110111	111111111
chr22	17028148	111110111	111111111
chr22	19947347	111110111	111111111
chr22	20449100	111110111	111111111
chr22	20470617	111110111	111111111
chr22	21548497	111110111	111111111
chr22	21626227	111110111	111111111
chr22	21735049	111110111	111111111
chr22	24660074	111110111	111111111
chr22	26002137	111110111	111111111
chr22	34950070	111110111	111111111
chr22	35888210	111110111	111111111
chr22	51212207	111110111	111111111
chr22	16208767	111001011	111111111
chr22	16616817	001011111	001111111
chr22	16992758	001011111	001111111
chr22	17373956	001011111	001111111
chr22	20825811	001011111	001111111
chr22	25465022	001011111	001111111
chr22	26249274	001011111	001111111
chr22	28280598	001011111	001111111
chr22	39822337	001011111	001111111
chr22	40729170	001011111	001111111
chr22	46165760	001011111	001111111
chr22	17745326	001111101	001111111
chr22	37643268	001111101	001111111
chr22	39133542	001111101	001111111
chr22	39511992	001111101	001111111
chr22	42552651	001111101	001111111
chr22	42623015	001111101	001111111
chr22	43480998	001111101	001111111
chr22	45776018	001111101	001111111
chr22	48883889	001111101	001111111
chr22	48648081	111001111	111111111
chr22	27987725	001011110	001111111
chr22	19115513	001111100	001111111
chr22	21596599	001111100	001111111
chr22	41373458	001111100	001111111
chr22	41954525	001111100	001111111
chr22	22981754	010010000	010010000
chr22	20390063	110101011	111111111
chr22	44510591	110101011	111111111
chr22	49951778	110101011	111111111
chr22	22908400	000111001	001111111
chr22	21038134	011100111	011100111
chr22	21066942	011011101	111111111
chr22	16672312	000001110	000001111
chr22	16994595	000001110	000001111
chr22	17153668	000001110	000001111
chr22	17455733	000001110	000001111
chr22	17694388	000001110	000001111
chr22	19145170	000001110	000001111
chr22	19299933	000001110	000001111
chr22	19439793	000001110	000001111
chr22	19757912	000001110	000001111
chr22	21121745	000001110	000001111
chr22	21682836	000001110	000001111
chr22	22782471	000001110	000001111
chr22	22874622	000001110	000001111
chr22	23632361	000001110	000001111
chr22	23752667	000001110	000001111
chr22	24114219	000001110	000001111
chr22	25277333	000001110	000001111
chr22	25435209	000001110	000001111
chr22	25625092	000001110	000001111
chr22	27470735	000001110	000001111
chr22	28120075	000001110	000001111
chr22	29476807	000001110	000001111
chr22	29550404	000001110	000001111
chr22	30514434	000001110	000001111
chr22	30613444	000001110	000001111
chr22	31462599	000001110	000001111
chr22	31478384	000001110	000001111
chr22	32284227	000001110	000001111
chr22	32376650	000001110	000001111
chr22	33795224	000001110	000001111
chr22	33974568	000001110	000001111
chr22	34108781	000001110	000001111
chr22	35346965	000001110	000001111
chr22	36494469	000001110	000001111
chr22	37957816	000001110	000001111
chr22	38191251	000001110	000001111
chr22	38235351	000001110	000001111
chr22	39637644	000001110	000001111
chr22	39893212	000001110	000001111
chr22	39939352	000001110	000001111
chr22	40582973	000001110	000001111
chr22	41137298	000001110	000001111
chr22	41604692	000001110	000001111
chr22	42613649	000001110	000001111
chr22	43405879	000001110	000001111
chr22	44021811	000001110	000001111
chr22	44311046	000001110	000001111
chr22	44629151	000001110	000001111
chr22	45244471	000001110	000001111
chr22	45566642	000001110	000001111
chr22	45651329	000001110	000001111
chr22	48094446	000001110	000001111
chr22	49395461	000001110	000001111
chr22	49539505	000001110	000001111
chr22	50538900	000001110	000001111
chr22	51053002	000001110	000001111
chr22	29014848	000001110	000001110
chr22	45724050	011100010	011100010
chr22	39386819	101111011	111111111
chr22	16220073	000001101	000001111
chr22	17619272	000001101	000001111
chr22	18234795	000001101	000001111
chr22	18618888	000001101	000001111
chr22	18802034	000001101	000001111
chr22	18889525	000001101	000001111
chr22	19934678	000001101	000001111
chr22	20490891	000001101	000001111
chr22	20784008	000001101	000001111
chr22	20884559	000001101	000001111
chr22	22414542	000001101	000001111
chr22	23199766	000001101	000001111
chr22	23278361	000001101	000001111
chr22	24134641	000001101	000001111
chr22	25252804	000001101	000001111
chr22	26299146	000001101	000001111
chr22	27103772	000001101	000001111
chr22	28056442	000001101	000001111
chr22	29598754	000001101	000001111
chr22	30268323	000001101	000001111
chr22	31036842	000001101	000001111
chr22	31871636	000001101	000001111
chr22	32000399	000001101	000001111
chr22	32185161	000001101	000001111
chr22	33045739	000001101	000001111
chr22	33251824	000001101	000001111
chr22	33405419	000001101	000001111
chr22	33604969	000001101	000001111
chr22	33898290	000001101	000001111
chr22	35861430	000001101	000001111
chr22	36178924	000001101	000001111
chr22	36234187	000001101	000001111
chr22	36510104	000001101	000001111
chr22	36544066	000001101	000001111
chr22	36653045	000001101	000001111
chr22	36927986	000001101	000001111
chr22	38292283	000001101	000001111
chr22	38367161	000001101	000001111
chr22	39004371	000001101	000001111
chr22	39362455	000001101	000001111
chr22	40358010	000001101	000001111
chr22	41235160	000001101	000001111
chr22	42086938	000001101	000001111
chr22	42121427	000001101	000001111
chr22	42143864	000001101	000001111
chr22	42541622	000001101	000001111
chr22	42705184	000001101	000001111
chr22	43284410	000001101	000001111
chr22	43452949	000001101	000001111
chr22	43593544	000001101	000001111
chr22	46581242	000001101	000001111
chr22	46835219	000001101	000001111
chr22	47387483	000001101	000001111
chr22	47879923	000001101	000001111
chr22	48288664	000001101	000001111
chr22	48447003	000001101	000001111
chr22	48572838	000001101	000001111
chr22	48954879	000001101	000001111
chr22	49512095	000001101	000001111
chr22	50286636	000001101	000001111
chr22	23882395	000001101	000001101
chr22	19688482	010001110	010001110
chr22	16953044	110111011	111111111
chr22	18791458	110111011	111111111
chr22	20652065	110111011	111111111
chr22	21569167	110111011	111111111
chr22	21639323	110111011	111111111
chr22	45724132	011100101	011100101
chr22	16136553	000001011	000001111
chr22	18331892	000001011	000001111
chr22	18455146	000001011	000001111
chr22	18653229	000001011	000001111
chr22	18875361	000001011	000001111
chr22	19941116	000001011	000001111
chr22	20118553	000001011	000001111
chr22	20714515	000001011	000001111
chr22	21396014	000001011	000001111
chr22	23206286	000001011	000001111
chr22	24127434	000001011	000001111
chr22	24288126	000001011	000001111
chr22	25681554	000001011	000001111
chr22	25773873	000001011	000001111
chr22	26041865	000001011	000001111
chr22	26067438	000001011	000001111
chr22	26521016	000001011	000001111
chr22	26568838	000001011	000001111
chr22	26602847	000001011	000001111
chr22	27276957	000001011	000001111
chr22	27552450	000001011	000001111
chr22	27563476	000001011	000001111
chr22	27768651	000001011	000001111
chr22	28580596	000001011	000001111
chr22	29693980	000001011	000001111
chr22	29727399	000001011	000001111
chr22	30033005	000001011	000001111
chr22	30234466	000001011	000001111
chr22	30965480	000001011	000001111
chr22	32138226	000001011	000001111
chr22	32500233	000001011	000001111
chr22	32532336	000001011	000001111
chr22	33178720	000001011	000001111
chr22	33480450	000001011	000001111
chr22	33576929	000001011	000001111
chr22	33748692	000001011	000001111
chr22	33922088	000001011	000001111
chr22	34017060	000001011	000001111
chr22	34563569	000001011	000001111
chr22	34683360	000001011	000001111
chr22	35291666	000001011	000001111
chr22	35846681	000001011	000001111
chr22	37479213	000001011	000001111
chr22	37657841	000001011	000001111
chr22	39416804	000001011	000001111
chr22	40508674	000001011	000001111
chr22	41041039	000001011	000001111
chr22	41152454	000001011	000001111
chr22	42100603	000001011	000001111
chr22	43451670	000001011	000001111
chr22	43849241	000001011	000001111
chr22	44756412	000001011	000001111
chr22	45220405	000001011	000001111
chr22	47177010	000001011	000001111
chr22	47359518	000001011	000001111
chr22	47424342	000001011	000001111
chr22	51018083	000001011	000001111
chr22	42144008	001011100	001111111
chr22	20247484	000001010	000001111
chr22	21459926	000001010	000001111
chr22	27854643	000001010	000001111
chr22	29452432	000001010	000001111
chr22	30574333	000001010	000001111
chr22	34105756	000001010	000001111
chr22	38269909	000001010	000001111
chr22	38363178	000001010	000001111
chr22	39429434	000001010	000001111
chr22	40579528	000001010	000001111
chr22	47679897	000001010	000001111
chr22	49528676	000001010	000001111
chr22	29096680	001011101	001111111
chr22	49807263	001011101	001111111
chr22	21718120	011011010	011011010
chr22	22970974	111001000	111001000
