-----
Chromosome	Location	Original Code	New Code
-----
chr22	42166365	100010100	100010100
chr22	25015744	010010101	010010101
chr22	19739199	101000000	111000000
chr22	20859305	101000000	111000000
chr22	29840801	101000000	111000000
chr22	32024028	101000000	111000000
chr22	32785854	101000000	111000000
chr22	33647586	101000000	111000000
chr22	36999412	101000000	111000000
chr22	39100282	101000000	111000000
chr22	45185514	101000000	111000000
chr22	45467573	101000000	111000000
chr22	46216415	101000000	111000000
chr22	47747834	101000000	111000000
chr22	48677048	101000000	111000000
chr22	16409666	101111111	111111111
chr22	16909454	101111111	111111111
chr22	16951792	101111111	111111111
chr22	17374133	101111111	111111111
chr22	17650705	101111111	111111111
chr22	20320731	101111111	111111111
chr22	21022550	101111111	111111111
chr22	21632958	101111111	111111111
chr22	23883489	101111111	111111111
chr22	24651330	101111111	111111111
chr22	25065777	101111111	111111111
chr22	35075212	101111111	111111111
chr22	38183470	101111111	111111111
chr22	42898955	101111111	111111111
chr22	42898957	101111111	111111111
chr22	51208255	101111111	111111111
chr22	19022175	101111110	111111111
chr22	21718264	101111110	111111111
chr22	24009444	101111110	101111110
chr22	23680589	010111111	111111111
chr22	47145080	100100111	100100111
chr22	49662220	100100111	100100111
chr22	20627265	010000101	010000101
chr22	18572480	100010001	100010001
chr22	51118478	110011101	111111111
chr22	49662219	101011000	101011000
chr22	45329614	000001001	000001001
chr22	17591204	000011111	000011111
chr22	18263776	000011111	000011111
chr22	19928471	000011111	000011111
chr22	22627271	000011111	000011111
chr22	26113321	000011111	000011111
chr22	29546292	000011111	000011111
chr22	30205441	000011111	000011111
chr22	32956713	000011111	000011111
chr22	34395772	000011111	000011111
chr22	43724272	000011111	000011111
chr22	44587201	000011111	000011111
chr22	34536324	100010000	100010000
chr22	20449216	011110111	111111111
chr22	50066435	011110111	011110111
chr22	18725820	110111001	111111111
chr22	22981754	010100100	010100100
chr22	27332511	000110101	000110101
chr22	48846170	000110101	000110101
chr22	21049094	011111011	011111011
chr22	36511113	000110100	000110100
chr22	49233160	110011001	110011001T
chr22	19947346	100001101	100001101
chr22	33000524	100001100	100001100
chr22	17352730	000011001	000011001
chr22	24010477	101101011	101101011
chr22	45150253	001100101	001100101
chr22	19947361	000010010	000010010
chr22	29768463	000011110	000011110
chr22	48981270	001010101	001010101
chr22	21052524	000011101	000011101
chr22	41432070	000011101	000011101
chr22	46254773	000011101	000011101
chr22	20343199	111101011	111111111
chr22	16387795	111101011	111101011
chr22	49122311	111001100	111001100
chr22	25070472	111101010	111111111
chr22	47000916	111101010	111111111
chr22	25913027	001001110	001001110
chr22	22980270	110101101	111111111
chr22	21470346	110101101	110101101
chr22	16205497	101101001	101101001T
chr22	22914345	001001011	001001011
chr22	17251562	000011011	000011011
chr22	23128171	000011011	000011011
chr22	37244228	000011011	000011011
chr22	43908965	000011011	000011011
chr22	24010403	110101001	110101001T
chr22	24323878	110101001	110101001T
chr22	17842651	000110111	000110111
chr22	18425722	000110111	000110111
chr22	28196598	000110111	000110111
chr22	32214737	000110111	000110111
chr22	39328899	000110111	000110111
chr22	41974824	000110111	000110111
chr22	44107265	000110111	000110111
chr22	47566670	000110111	000110111
chr22	48005571	000110111	000110111
chr22	44509903	011010110	011010110
chr22	19838995	100111101	100111101
chr22	26318467	100111101	100111101
chr22	32818743	100111101	100111101
chr22	36771094	100111101	100111101
chr22	41276624	100111100	100111100
chr22	42884478	100111100	100111100
chr22	19688483	001010111	001010111
chr22	21038134	101100101	101100101T
chr22	18752145	011001011	011001011
chr22	44089608	100111011	100111011
chr22	45473854	100111011	100111011
chr22	49074950	010000011	010000011
chr22	20491664	110101110	111111111
chr22	16463039	101001111	111111111
chr22	23879720	010000010	010000010
chr22	21066942	101110101	111111111
chr22	51227891	101110101	101110101
chr22	17186982	110000000	111000000
chr22	18877381	110000000	111000000
chr22	20057383	110000000	111000000
chr22	23590818	110000000	111000000
chr22	29835673	110000000	111000000
chr22	40094321	110000000	111000000
chr22	42401705	110000000	111000000
chr22	44739598	110000000	111000000
chr22	45383170	110000000	111000000
chr22	48835406	110000000	111000000
chr22	16208756	110101111	111111111
chr22	49249195	111110011	111111111
chr22	16546817	100111110	100111110
chr22	19028272	100111110	100111110
chr22	41399497	100111110	100111110
chr22	47496491	100111110	100111110
chr22	49295274	100111110	100111110
chr22	50984007	100111110	100111110
chr22	19688482	000010110	000010110
chr22	49781829	000010110	000010110
chr22	19947341	101101111	111111111
chr22	51121104	011110011	111111111
chr22	16078893	011111111	111111111
chr22	16098314	011111111	111111111
chr22	16409806	011111111	111111111
chr22	16941074	011111111	111111111
chr22	17031584	011111111	111111111
chr22	18780513	011111111	111111111
chr22	18823722	011111111	111111111
chr22	18843741	011111111	111111111
chr22	20501608	011111111	111111111
chr22	21680702	011111111	111111111
chr22	21693697	011111111	111111111
chr22	23659643	011111111	111111111
chr22	25262584	011111111	111111111
chr22	32690526	011111111	111111111
chr22	38787689	011111111	111111111
chr22	16552593	011111111	011111111
chr22	16078974	110111101	111111111
chr22	16210642	110111101	110111101
chr22	16494473	110111101	110111101
chr22	21571677	011010101	011010101
chr22	16345549	011111110	111111111
chr22	17050777	011111110	111111111
chr22	20626695	011111110	111111111
chr22	23653555	011111110	111111111
chr22	49016539	100011011	100011011
chr22	16352240	111111011	111111111
chr22	16365289	111111011	111111111
chr22	16649937	111111011	111111111
chr22	16874225	111111011	111111111
chr22	18836501	111111011	111111111
chr22	20490447	111111011	111111111
chr22	24009918	111111011	111111111
chr22	24692619	111111011	111111111
chr22	25920066	111111011	111111111
chr22	35888192	111111011	111111111
chr22	49780858	111111011	111111111
chr22	50651278	111111011	111111111
chr22	51224899	111111011	111111111
chr22	45140591	011001000	011001000
chr22	18791458	111111010	111111111
chr22	18748118	011010001	011010001
chr22	20298581	101111101	111111111
chr22	25065795	101111101	111111111
chr22	45724132	101111101	111111111
chr22	49122409	101111100	111111111
chr22	24009862	101110111	111111111
chr22	44509392	101110111	111111111
chr22	17373956	101110110	111111111
chr22	47999083	111111001	111111001
chr22	32846150	010000100	010000100
chr22	20652065	110011111	111111111
chr22	47000776	110011111	111111111
chr22	16341685	110011111	110011111
chr22	24651963	110011111	110011111
chr22	48270004	000101110	000101110
chr22	23325158	000101111	000101111
chr22	26128201	000101111	000101111
chr22	27190403	000101111	000101111
chr22	28564644	000101111	000101111
chr22	33151595	000101111	000101111
chr22	39646071	000101111	000101111
chr22	44589973	000101111	000101111
chr22	16083573	011111101	111111111
chr22	16364901	011111101	111111111
chr22	21480192	011111101	011111101
chr22	16208762	110111111	111111111
chr22	16647946	110111111	111111111
chr22	17375523	110111111	111111111
chr22	17390553	110111111	111111111
chr22	18844942	110111111	111111111
chr22	20354187	110111111	111111111
chr22	21575800	110111111	111111111
chr22	21732051	110111111	111111111
chr22	22979131	110111111	111111111
chr22	22979619	110111111	111111111
chr22	24645995	110111111	111111111
chr22	24657529	110111111	111111111
chr22	24660074	110111111	111111111
chr22	25006710	110111111	111111111
chr22	25666657	110111111	111111111
chr22	25912968	110111111	111111111
chr22	44510539	110111111	111111111
chr22	50585962	110111111	111111111
chr22	51229495	110111111	111111111
chr22	21720452	110111111	110111111
chr22	21586643	110111110	111111111
chr22	21718120	110111110	111111111
chr22	20298220	111000101	111000101
chr22	19947347	100101101	100101101
chr22	31376075	100101101	100101101
chr22	47308017	100101101	100101101
chr22	16406130	010111011	111111111
chr22	17848065	100101111	100101111
chr22	32953516	100101111	100101111
chr22	38832265	100101111	100101111
chr22	18931286	100101110	100101110
chr22	21718239	100011110	100011110
chr22	29120849	100011111	100011111
chr22	39546241	100011111	100011111
chr22	42757771	100011111	100011111
chr22	17373889	000101001	000101001
chr22	31846827	000101000	000101000
chr22	31846828	000101000	000101000
chr22	31846829	000101000	000101000
chr22	31846830	000101000	000101000
chr22	46659697	000000110	000000110
chr22	25336642	010011100	010011100
chr22	18798951	111100110	111111111
chr22	19684423	111100110	111100110
chr22	21602657	100111111	111111111
chr22	17983096	100111111	100111111
chr22	18019368	100111111	100111111
chr22	18428320	100111111	100111111
chr22	19654765	100111111	100111111
chr22	20322483	100111111	100111111
chr22	20965695	100111111	100111111
chr22	21174878	100111111	100111111
chr22	21335193	100111111	100111111
chr22	23036125	100111111	100111111
chr22	23757641	100111111	100111111
chr22	23909595	100111111	100111111
chr22	24264270	100111111	100111111
chr22	24715940	100111111	100111111
chr22	25069093	100111111	100111111
chr22	25205775	100111111	100111111
chr22	25596560	100111111	100111111
chr22	28476629	100111111	100111111
chr22	28494619	100111111	100111111
chr22	28670215	100111111	100111111
chr22	28721055	100111111	100111111
chr22	28973283	100111111	100111111
chr22	30091827	100111111	100111111
chr22	30611129	100111111	100111111
chr22	31208595	100111111	100111111
chr22	31634114	100111111	100111111
chr22	31880518	100111111	100111111
chr22	32344883	100111111	100111111
chr22	33220943	100111111	100111111
chr22	33580133	100111111	100111111
chr22	33635267	100111111	100111111
chr22	34011146	100111111	100111111
chr22	34591036	100111111	100111111
chr22	36003118	100111111	100111111
chr22	36695628	100111111	100111111
chr22	37278998	100111111	100111111
chr22	37309757	100111111	100111111
chr22	38264752	100111111	100111111
chr22	38510259	100111111	100111111
chr22	38560093	100111111	100111111
chr22	39397244	100111111	100111111
chr22	39629373	100111111	100111111
chr22	40145597	100111111	100111111
chr22	40231205	100111111	100111111
chr22	41351241	100111111	100111111
chr22	41481124	100111111	100111111
chr22	41625878	100111111	100111111
chr22	42468075	100111111	100111111
chr22	42578393	100111111	100111111
chr22	42828749	100111111	100111111
chr22	44109600	100111111	100111111
chr22	44195980	100111111	100111111
chr22	45120306	100111111	100111111
chr22	45860843	100111111	100111111
chr22	46506919	100111111	100111111
chr22	47119319	100111111	100111111
chr22	47383191	100111111	100111111
chr22	47877471	100111111	100111111
chr22	49325449	100111111	100111111
chr22	49340497	100111111	100111111
chr22	51169987	100111111	100111111
chr22	23659783	010011001	010011001
chr22	35888210	111101110	111111111
chr22	16223418	110100111	111111111
chr22	16302297	110100111	111111111
chr22	16081329	111101111	111111111
chr22	16250790	111101111	111111111
chr22	17030449	111101111	111111111
chr22	21735049	111101111	111111111
chr22	25642250	111101111	111111111
chr22	25642251	111101111	111111111
chr22	34955296	111101111	111111111
chr22	35187389	111101111	111111111
chr22	35887894	111101111	111111111
chr22	35888203	111101111	111111111
chr22	38781082	111101111	111111111
chr22	38787703	111101111	111111111
chr22	48648411	111101111	111111111
chr22	16288200	111101111	111101111
chr22	18738469	111101111	111101111
chr22	49793383	111101111	111101111
chr22	25336700	101100010	101100010
chr22	25336704	101100010	101100010
chr22	25336718	101100010	101100010
chr22	19667801	100000010	100000011
chr22	20746701	100000010	100000011
chr22	22328899	100000010	100000011
chr22	25565111	100000010	100000011
chr22	32093646	100000010	100000011
chr22	33899452	100000010	100000011
chr22	34235938	100000010	100000011
chr22	36248540	100000010	100000011
chr22	37623410	100000010	100000011
chr22	39784109	100000010	100000011
chr22	39808553	100000010	100000011
chr22	43344534	100000010	100000011
chr22	46339923	100000010	100000011
chr22	49334155	100000010	100000011
chr22	17063899	100000001	100000011
chr22	24880229	100000001	100000011
chr22	25698258	100000001	100000011
chr22	27781689	100000001	100000011
chr22	28730548	100000001	100000011
chr22	31536577	100000001	100000011
chr22	33240020	100000001	100000011
chr22	33337437	100000001	100000011
chr22	41921829	100000001	100000011
chr22	44976346	100000001	100000011
chr22	17183975	100000001	100000001
chr22	20255628	100000001	100000001
chr22	21082161	100000001	100000001
chr22	23758798	100000001	100000001
chr22	24500003	100000001	100000001
chr22	26264889	100000001	100000001
chr22	28263016	100000001	100000001
chr22	31844327	100000001	100000001
chr22	32349582	100000001	100000001
chr22	32829539	100000001	100000001
chr22	35330190	100000001	100000001
chr22	36758902	100000001	100000001
chr22	37073580	100000001	100000001
chr22	37367657	100000001	100000001
chr22	41437511	100000001	100000001
chr22	41992560	100000001	100000001
chr22	45505456	100000001	100000001
chr22	45740943	100000001	100000001
chr22	48439900	101100000	101100000
chr22	24369345	110000001	110000001
chr22	49951798	110110010	110110010
chr22	16250862	100101010	100101010
chr22	16695829	111110101	111111111
chr22	24009879	111110101	111111111
chr22	16288255	111101101	111111111
chr22	48648081	111101101	111111111
chr22	16079496	111011111	111111111
chr22	16079524	111011111	111111111
chr22	16208767	111011111	111111111
chr22	16319620	111011111	111111111
chr22	16874979	111011111	111111111
chr22	16973059	111011111	111111111
chr22	16973063	111011111	111111111
chr22	18863304	111011111	111111111
chr22	21050319	111011111	111111111
chr22	21052303	111011111	111111111
chr22	21600633	111011111	111111111
chr22	21665168	111011111	111111111
chr22	40997111	111011111	111111111
chr22	47000761	111011111	111111111
chr22	21479770	111011111	111011111
chr22	35076455	111011110	111111111
chr22	20322773	111100001	111100001
chr22	25002815	000010101	000010101
chr22	17230121	111011101	111111111
chr22	17230141	111011101	111111111
chr22	21570790	011101110	111111111
chr22	47870160	100011101	100011101
chr22	18823772	111100101	111111111
chr22	16345547	001111111	111111111
chr22	16695096	110100010	110100010
chr22	45324704	000101011	000101011
chr22	21515683	111110000	111110000
chr22	48036036	000100011	000100011
chr22	48686513	010110011	010110011
chr22	18089256	000100010	000100010
chr22	43161842	000100010	000100010
chr22	25050309	000111010	000111010
chr22	16546581	000111011	000111011
chr22	23104844	000111011	000111011
chr22	30567396	000111011	000111011
chr22	30696422	000111011	000111011
chr22	31967436	000111011	000111011
chr22	33330224	000111011	000111011
chr22	41285940	000111011	000111011
chr22	42298798	000111011	000111011
chr22	47577516	000111011	000111011
chr22	22970974	110010001	110010001
chr22	16236958	111111101	111111111
chr22	16302077	111111101	111111111
chr22	16347827	111111101	111111111
chr22	16411235	111111101	111111111
chr22	16411253	111111101	111111111
chr22	16874804	111111101	111111111
chr22	18775424	111111101	111111111
chr22	20330148	111111101	111111111
chr22	21494149	111111101	111111111
chr22	21531227	111111101	111111111
chr22	21819437	111111101	111111111
chr22	22991257	111111101	111111111
chr22	24659348	111111101	111111111
chr22	24659381	111111101	111111111
chr22	25022677	111111101	111111111
chr22	34955700	111111101	111111111
chr22	45280557	111111101	111111111
chr22	16335970	111111101	111111101
chr22	16567906	111111101	111111101
chr22	24655872	111111101	111111101
chr22	16984522	111111100	111111100
chr22	17544440	000111101	000111101
chr22	19468696	000111101	000111101
chr22	32503670	000111101	000111101
chr22	35079537	000111101	000111101
chr22	39106729	000111101	000111101
chr22	41489011	000111101	000111101
chr22	43880002	000111101	000111101
chr22	46514810	000111101	000111101
chr22	21066930	100110001	100110001
chr22	21683529	101001000	101001000
chr22	21520872	111010111	111111111
chr22	46496009	000111111	111111111
chr22	16491013	000111111	000111111
chr22	17041891	000111111	000111111
chr22	17063620	000111111	000111111
chr22	17501395	000111111	000111111
chr22	17519203	000111111	000111111
chr22	18041423	000111111	000111111
chr22	18123590	000111111	000111111
chr22	18454923	000111111	000111111
chr22	18565023	000111111	000111111
chr22	19199852	000111111	000111111
chr22	20129631	000111111	000111111
chr22	20213913	000111111	000111111
chr22	20893187	000111111	000111111
chr22	20913892	000111111	000111111
chr22	21554449	000111111	000111111
chr22	21800290	000111111	000111111
chr22	21951094	000111111	000111111
chr22	22056875	000111111	000111111
chr22	22881161	000111111	000111111
chr22	24201063	000111111	000111111
chr22	24935942	000111111	000111111
chr22	25544157	000111111	000111111
chr22	25835197	000111111	000111111
chr22	25865305	000111111	000111111
chr22	25917399	000111111	000111111
chr22	26183524	000111111	000111111
chr22	26564979	000111111	000111111
chr22	26685670	000111111	000111111
chr22	27103066	000111111	000111111
chr22	27181454	000111111	000111111
chr22	27300035	000111111	000111111
chr22	27401125	000111111	000111111
chr22	27484114	000111111	000111111
chr22	27514764	000111111	000111111
chr22	27702867	000111111	000111111
chr22	27791603	000111111	000111111
chr22	27866316	000111111	000111111
chr22	28132474	000111111	000111111
chr22	28397270	000111111	000111111
chr22	28634376	000111111	000111111
chr22	28635266	000111111	000111111
chr22	28744643	000111111	000111111
chr22	28921828	000111111	000111111
chr22	29047539	000111111	000111111
chr22	29071465	000111111	000111111
chr22	29469606	000111111	000111111
chr22	31142188	000111111	000111111
chr22	31947427	000111111	000111111
chr22	32204051	000111111	000111111
chr22	32423422	000111111	000111111
chr22	32608753	000111111	000111111
chr22	32855039	000111111	000111111
chr22	33088690	000111111	000111111
chr22	33178201	000111111	000111111
chr22	33229289	000111111	000111111
chr22	33538109	000111111	000111111
chr22	34523961	000111111	000111111
chr22	35460402	000111111	000111111
chr22	35830723	000111111	000111111
chr22	37494906	000111111	000111111
chr22	37534603	000111111	000111111
chr22	37870677	000111111	000111111
chr22	38141076	000111111	000111111
chr22	38399571	000111111	000111111
chr22	38458857	000111111	000111111
chr22	38524021	000111111	000111111
chr22	39577595	000111111	000111111
chr22	39668092	000111111	000111111
chr22	39892049	000111111	000111111
chr22	40513225	000111111	000111111
chr22	40580348	000111111	000111111
chr22	40974903	000111111	000111111
chr22	41438588	000111111	000111111
chr22	41527344	000111111	000111111
chr22	41848787	000111111	000111111
chr22	42008132	000111111	000111111
chr22	42422800	000111111	000111111
chr22	42646955	000111111	000111111
chr22	42989492	000111111	000111111
chr22	42993156	000111111	000111111
chr22	43916131	000111111	000111111
chr22	44179153	000111111	000111111
chr22	44464312	000111111	000111111
chr22	46161383	000111111	000111111
chr22	46435376	000111111	000111111
chr22	46479873	000111111	000111111
chr22	47374797	000111111	000111111
chr22	47680163	000111111	000111111
chr22	47978875	000111111	000111111
chr22	48563881	000111111	000111111
chr22	49012953	000111111	000111111
chr22	49165787	000111111	000111111
chr22	49586023	000111111	000111111
chr22	49694979	000111111	000111111
chr22	49946652	000111111	000111111
chr22	50150619	000111111	000111111
chr22	50156275	000111111	000111111
chr22	50165487	000111111	000111111
chr22	50695797	000111111	000111111
chr22	48648660	101001010	101001010
chr22	48648663	101001010	101001010
chr22	17834367	000111110	000111110
chr22	26184767	000111110	000111110
chr22	28728455	000111110	000111110
chr22	42924834	000111110	000111110
chr22	16364923	001111001	001111001
chr22	24673494	011000011	011000011
chr22	16136419	111111110	111111111
chr22	16956445	111111110	111111111
chr22	16990420	111111110	111111111
chr22	17374498	111111110	111111111
chr22	18780549	111111110	111111111
chr22	18787128	111111110	111111111
chr22	19021819	111111110	111111111
chr22	21482829	111111110	111111111
chr22	21482853	111111110	111111111
chr22	21625385	111111110	111111111
chr22	21757334	111111110	111111111
chr22	25071286	111111110	111111111
chr22	47167999	111111110	111111111
chr22	17374102	111111110	111111110
chr22	25071320	111110110	111111111
chr22	16251281	111110111	111111111
chr22	16655722	111110111	111111111
chr22	16957145	111110111	111111111
chr22	16957146	111110111	111111111
chr22	17005083	111110111	111111111
chr22	18655607	111110111	111111111
chr22	20320242	111110111	111111111
chr22	21483262	111110111	111111111
chr22	21554218	111110111	111111111
chr22	21635607	111110111	111111111
chr22	42897553	111110111	111111111
chr22	47255448	111110111	111111111
chr22	17005085	111110111	111110111
chr22	17005101	111110111	111110111
chr22	21626227	111110111	111110111
chr22	19684429	011000110	011000110
chr22	16384639	100000111	100000111
chr22	36522612	010110101	010110101
chr22	21718261	001111101	111111111
chr22	50467481	001111101	111111111
chr22	18752106	111100111	111111111
chr22	37973530	010010000	010010000
chr22	16507651	100110111	111111111
chr22	26111046	100110111	100110111
chr22	40343474	100110111	100110111
chr22	49258532	100110111	100110111
chr22	31780464	000111000	000111000
chr22	32846128	011100111	111111111
chr22	41029922	000001111	000001111
chr22	48280132	000001111	000001111
chr22	21505702	100010111	100010111
chr22	20486571	001011010	001011010
chr22	27057141	000111100	000111100
chr22	20706869	010001011	010001011
chr22	51123920	010001110	010001110
chr22	16661659	110111011	111111111
chr22	49249212	110111011	111111111
chr22	21548497	011011110	111111111
chr22	20470617	011100101	011100101
chr22	44510591	000001011	000001011
chr22	50066487	010101111	111111111
chr22	21718250	001011101	001011101
