-----
Chromosome	Location	Original Code	New Code
-----
chr22	20903884	100001110	100001110
chr22	22383579	100001110	100001110
chr22	22518958	100001110	100001110
chr22	25238618	100001110	100001110
chr22	26607788	100001110	100001110
chr22	30538314	100001110	100001110
chr22	31276738	100001110	100001110
chr22	32782199	100001110	100001110
chr22	33109350	100001110	100001110
chr22	33112510	100001110	100001110
chr22	34452225	100001110	100001110
chr22	35290479	100001110	100001110
chr22	41014831	100001110	100001110
chr22	45101177	100001110	100001110
chr22	50198423	100001110	100001110
chr22	26823464	101000001	101000001
chr22	20486571	010010100	010010100
chr22	16255471	101111111	111111111
chr22	18512232	101111111	111111111
chr22	20449100	101111111	111111111
chr22	20718029	101111111	111111111
chr22	21571216	101111111	111111111
chr22	21626227	101111111	111111111
chr22	21693697	101111111	111111111
chr22	22980270	101111111	111111111
chr22	24692619	101111111	111111111
chr22	34578504	101111111	111111111
chr22	35556262	101111111	111111111
chr22	44333840	101111111	111111111
chr22	44391528	101111111	111111111
chr22	49268524	101111111	111111111
chr22	50714541	101111111	111111111
chr22	51215028	101111111	111111111
chr22	16882364	101111111	101111111
chr22	17889934	101111111	101111111
chr22	18512275	101111111	101111111
chr22	19062963	101111111	101111111
chr22	19964900	101111111	101111111
chr22	20210955	101111111	101111111
chr22	22109301	101111111	101111111
chr22	22112471	101111111	101111111
chr22	22238305	101111111	101111111
chr22	22880629	101111111	101111111
chr22	24192151	101111111	101111111
chr22	24292263	101111111	101111111
chr22	25290159	101111111	101111111
chr22	26191174	101111111	101111111
chr22	26236054	101111111	101111111
chr22	27185263	101111111	101111111
chr22	27772648	101111111	101111111
chr22	29141678	101111111	101111111
chr22	29278855	101111111	101111111
chr22	29402437	101111111	101111111
chr22	29951262	101111111	101111111
chr22	31265379	101111111	101111111
chr22	33420037	101111111	101111111
chr22	35739814	101111111	101111111
chr22	37149078	101111111	101111111
chr22	37713048	101111111	101111111
chr22	39368019	101111111	101111111
chr22	40092313	101111111	101111111
chr22	40117661	101111111	101111111
chr22	40194034	101111111	101111111
chr22	41852337	101111111	101111111
chr22	43120681	101111111	101111111
chr22	43735698	101111111	101111111
chr22	43926384	101111111	101111111
chr22	44700221	101111111	101111111
chr22	45090194	101111111	101111111
chr22	45324573	101111111	101111111
chr22	45375536	101111111	101111111
chr22	45383671	101111111	101111111
chr22	45519656	101111111	101111111
chr22	46285071	101111111	101111111
chr22	49136953	101111111	101111111
chr22	49953269	101111111	101111111
chr22	18791458	101111110	111111111
chr22	19947346	101111110	111111111
chr22	47000776	101111110	111111111
chr22	48561702	101111110	111111111
chr22	29138747	101111110	101111110
chr22	33588574	101111110	101111110
chr22	36735370	101111110	101111110
chr22	37157261	101111110	101111110
chr22	41860456	101111110	101111110
chr22	42050211	101111110	101111110
chr22	46191091	101111110	101111110
chr22	48046207	101111110	101111110
chr22	49944996	101111110	101111110
chr22	33987398	100001001	100001001
chr22	47115318	100001001	100001001
chr22	47143418	100001001	100001001
chr22	38626051	000110011	001111111
chr22	16078974	010111111	111111111
chr22	48875260	100100111	100100111
chr22	16406130	111111000	111111111
chr22	20470617	010000110	010000110
chr22	36131201	110011101	110011101
chr22	18537358	000001001	000001111
chr22	20954222	000001001	000001111
chr22	32742800	000001001	000001111
chr22	33435357	000001001	000001111
chr22	36364643	000001001	000001111
chr22	36594129	000001001	000001111
chr22	49997577	000001001	000001111
chr22	17436698	100001011	100001011
chr22	19334631	100001011	100001011
chr22	19456568	100001011	100001011
chr22	21066994	100001011	100001011
chr22	21083879	100001011	100001011
chr22	24438750	100001011	100001011
chr22	27757060	100001011	100001011
chr22	27996061	100001011	100001011
chr22	29976524	100001011	100001011
chr22	33077721	100001011	100001011
chr22	33249851	100001011	100001011
chr22	35601077	100001011	100001011
chr22	36113138	100001011	100001011
chr22	39453312	100001011	100001011
chr22	40613917	100001011	100001011
chr22	42799412	100001011	100001011
chr22	50066607	100001011	100001011
chr22	23923471	100001010	100001010
chr22	24331585	100001010	100001010
chr22	24369345	100001010	100001010
chr22	34557992	100001010	100001010
chr22	16898206	011110111	111111111
chr22	17373956	011111011	111111111
chr22	21682367	101111001	101111001
chr22	39827513	101111001	101111001
chr22	41583510	101111001	101111001
chr22	17092663	100001101	100001101
chr22	17123454	100001101	100001101
chr22	30641989	100001101	100001101
chr22	32086034	100001101	100001101
chr22	32283084	100001101	100001101
chr22	34594357	100001101	100001101
chr22	36994463	100001101	100001101
chr22	40293210	100001101	100001101
chr22	45486647	100001101	100001101
chr22	19615662	100001100	100001100
chr22	24989090	100001100	100001100
chr22	25424902	100001100	100001100
chr22	26768002	100001100	100001100
chr22	28823244	100001100	100001100
chr22	31901218	100001100	100001100
chr22	34657908	100001100	100001100
chr22	34828530	100001100	100001100
chr22	49381356	001110110	001111111
chr22	23518004	001110111	001111111
chr22	32678929	001110111	001111111
chr22	34903634	001110111	001111111
chr22	36598837	001110111	001111111
chr22	39763295	001110111	001111111
chr22	40444636	001110111	001111111
chr22	42661572	001110111	001111111
chr22	43743862	001110111	001111111
chr22	50018767	001110111	001111111
chr22	43202338	000100100	000100100
chr22	51227891	010010111	010010111
chr22	50467481	011101011	111111111
chr22	42911257	011101011	011101011
chr22	18798951	011101010	011101010
chr22	16099957	001001001	001001001
chr22	20652065	101101010	101101010
chr22	21548497	111011011	111111111
chr22	49249195	111011011	111111111
chr22	43202339	111011011	111011011
chr22	45724132	111010011	111010011
chr22	16540035	100100100	100100100
chr22	32772113	000011101	001111111
chr22	44702252	000011101	001111111
chr22	18774367	111001101	111111111
chr22	16210642	111001101	111001101
chr22	51123920	001100110	001111111
chr22	16546581	111101010	111111111
chr22	16255485	001100010	001100010
chr22	16384639	101010010	101010010
chr22	16345547	010100111	010100111
chr22	49074954	110101100	110101100
chr22	33000524	101010011	101010011
chr22	18769970	000011010	000011010
chr22	16882383	000110111	001111111
chr22	36994416	000110111	001111111
chr22	48084677	000110111	001111111
chr22	16509225	100001111	100001111
chr22	16509345	100001111	100001111
chr22	16906583	100001111	100001111
chr22	16908254	100001111	100001111
chr22	17146292	100001111	100001111
chr22	17525726	100001111	100001111
chr22	17579984	100001111	100001111
chr22	18170341	100001111	100001111
chr22	19798757	100001111	100001111
chr22	20128825	100001111	100001111
chr22	20183478	100001111	100001111
chr22	20731725	100001111	100001111
chr22	21066930	100001111	100001111
chr22	21162333	100001111	100001111
chr22	21732167	100001111	100001111
chr22	21754278	100001111	100001111
chr22	22527344	100001111	100001111
chr22	22636949	100001111	100001111
chr22	22716380	100001111	100001111
chr22	23086154	100001111	100001111
chr22	23776939	100001111	100001111
chr22	24340489	100001111	100001111
chr22	25272692	100001111	100001111
chr22	25494410	100001111	100001111
chr22	25576936	100001111	100001111
chr22	26897982	100001111	100001111
chr22	27350691	100001111	100001111
chr22	27941487	100001111	100001111
chr22	27984013	100001111	100001111
chr22	28629657	100001111	100001111
chr22	28898533	100001111	100001111
chr22	30028539	100001111	100001111
chr22	30648874	100001111	100001111
chr22	31365970	100001111	100001111
chr22	32182613	100001111	100001111
chr22	32233873	100001111	100001111
chr22	32288874	100001111	100001111
chr22	32745374	100001111	100001111
chr22	33273996	100001111	100001111
chr22	33343024	100001111	100001111
chr22	33377279	100001111	100001111
chr22	34229239	100001111	100001111
chr22	34494792	100001111	100001111
chr22	34612390	100001111	100001111
chr22	34943185	100001111	100001111
chr22	35487648	100001111	100001111
chr22	35804852	100001111	100001111
chr22	35988019	100001111	100001111
chr22	36695435	100001111	100001111
chr22	37453176	100001111	100001111
chr22	37456717	100001111	100001111
chr22	37584242	100001111	100001111
chr22	37642067	100001111	100001111
chr22	38625250	100001111	100001111
chr22	39089685	100001111	100001111
chr22	39385907	100001111	100001111
chr22	39637544	100001111	100001111
chr22	39854741	100001111	100001111
chr22	40808723	100001111	100001111
chr22	42375591	100001111	100001111
chr22	42625459	100001111	100001111
chr22	42853154	100001111	100001111
chr22	43497066	100001111	100001111
chr22	44057103	100001111	100001111
chr22	44143285	100001111	100001111
chr22	44389519	100001111	100001111
chr22	44502990	100001111	100001111
chr22	44772456	100001111	100001111
chr22	45012246	100001111	100001111
chr22	45018173	100001111	100001111
chr22	45144003	100001111	100001111
chr22	46317975	100001111	100001111
chr22	47747312	100001111	100001111
chr22	47864189	100001111	100001111
chr22	48132711	100001111	100001111
chr22	48526018	100001111	100001111
chr22	48627865	100001111	100001111
chr22	49113511	100001111	100001111
chr22	49416040	100001111	100001111
chr22	51033522	100001111	100001111
chr22	51071617	100001111	100001111
chr22	44383344	100111101	100111101
chr22	19022182	001010111	001111111
chr22	37855702	001010111	001111111
chr22	16250862	011001010	011001010
chr22	22881524	100000101	100000101
chr22	27393122	100000101	100000101
chr22	27585817	100000101	100000101
chr22	28336733	100000101	100000101
chr22	31748943	100000101	100000101
chr22	34464336	100000101	100000101
chr22	38222880	100000101	100000101
chr22	38255351	100000101	100000101
chr22	40946535	100000101	100000101
chr22	42960382	100000101	100000101
chr22	46714526	100000101	100000101
chr22	21570790	101100101	101100101
chr22	47293811	101100100	101100100
chr22	24295381	001010110	001111111
chr22	17514718	100000100	100000100
chr22	36675717	100000100	100000100
chr22	40944967	100000100	100000100
chr22	46453045	100000100	100000100
chr22	25070472	100111011	111111111
chr22	50357922	100111011	100111011
chr22	49132199	001101001	001101001
chr22	21625196	011010011	011010011
chr22	16345549	010000011	010000011
chr22	43030870	111101100	111111111
chr22	49074950	111101100	111111111
chr22	19684423	111011010	111011010
chr22	21515683	101001111	111111111
chr22	45527789	101001111	101001111
chr22	18725820	101110100	101110100
chr22	21549055	101110100	101110100
chr22	34910782	101110101	101110101
chr22	37667573	101110101	101110101
chr22	20354187	110101111	111111111
chr22	18904875	111110011	111111111
chr22	26863246	001110011	001111111
chr22	35563475	001110011	001111111
chr22	21038134	000101101	001111111
chr22	17833725	000010111	000010111
chr22	48648411	101101111	111111111
chr22	19063003	101101111	101101111
chr22	20085722	101101111	101101111
chr22	27253429	101101111	101101111
chr22	28722638	101101111	101101111
chr22	36607008	101101111	101101111
chr22	43645581	101101111	101101111
chr22	44532572	101101111	101101111
chr22	48128394	100011010	100011010
chr22	32190335	001101111	001111111
chr22	39819356	001101111	001111111
chr22	42669765	001101111	001111111
chr22	22877484	001101110	001111111
chr22	25028441	001101110	001111111
chr22	40452792	001101110	001111111
chr22	43792228	001101110	001111111
chr22	45082057	001101110	001111111
chr22	16655722	011111111	111111111
chr22	16973059	011111111	111111111
chr22	16973063	011111111	111111111
chr22	16984522	011111111	111111111
chr22	18831620	011111111	111111111
chr22	19014508	011111111	111111111
chr22	21044663	011111111	111111111
chr22	25002815	011111111	111111111
chr22	25071286	011111111	111111111
chr22	25071320	011111111	111111111
chr22	38781082	011111111	111111111
chr22	18780549	011111111	011111111
chr22	21720452	011111111	011111111
chr22	24651330	011111111	011111111
chr22	45140591	011010101	011010101
chr22	16647946	011111110	111111111
chr22	19276313	101100111	101100111
chr22	44509392	101100111	101100111
chr22	16083573	111111011	111111111
chr22	16379072	111111011	111111111
chr22	16476596	111111011	111111111
chr22	16590578	111111011	111111111
chr22	16957145	111111011	111111111
chr22	17499030	111111011	111111111
chr22	18775018	111111011	111111111
chr22	20390063	111111011	111111111
chr22	20706869	111111011	111111111
chr22	21575800	111111011	111111111
chr22	21665168	111111011	111111111
chr22	22979131	111111011	111111111
chr22	28732923	111111011	111111111
chr22	34950070	111111011	111111111
chr22	50253683	111111011	111111111
chr22	18792040	111111011	111111011
chr22	18810587	111111011	111111011
chr22	24009444	111111011	111111011
chr22	19947361	011001000	011001000
chr22	38787689	111111010	111111111
chr22	47000761	111111010	111111111
chr22	19947360	011010000	011010000
chr22	25336642	011010000	011010000
chr22	16208756	101111101	111111111
chr22	21049094	101111101	101111101
chr22	30501398	101111101	101111101
chr22	37847537	101111101	101111101
chr22	40549745	101111101	101111101
chr22	19947347	101111100	111111111
chr22	25452347	101110111	111111111
chr22	18486954	101110111	101110111
chr22	45287795	101110111	101110111
chr22	48570189	101110111	101110111
chr22	45903464	101110110	101110110
chr22	49074978	001110001	001111111
chr22	23653555	111111001	111111111
chr22	51220848	111111001	111111111
chr22	18823741	110011111	110011111
chr22	21470346	110011111	110011111
chr22	22970974	011110001	011110001
chr22	22620837	011111101	111111111
chr22	16078893	110111111	111111111
chr22	16121440	110111111	111111111
chr22	16210881	110111111	111111111
chr22	16533761	110111111	111111111
chr22	16874804	110111111	111111111
chr22	16978368	110111111	111111111
chr22	16984880	110111111	111111111
chr22	18789625	110111111	111111111
chr22	20298581	110111111	111111111
chr22	20354198	110111111	111111111
chr22	21050335	110111111	111111111
chr22	21602657	110111111	111111111
chr22	21680702	110111111	111111111
chr22	24660074	110111111	111111111
chr22	35887894	110111111	111111111
chr22	21555389	110111111	110111111
chr22	17374498	110111110	111111111
chr22	23521096	001101101	001111111
chr22	44509903	011111000	011111000
chr22	45280557	011001110	011001110
chr22	49074865	010000001	010000001
chr22	18752106	110110111	111111111
chr22	21074185	000001100	000001111
chr22	23862518	000001100	000001111
chr22	23965205	000001100	000001111
chr22	31761864	000001100	000001111
chr22	47700069	000001100	000001111
chr22	48128434	101100011	101100011
chr22	50467610	101100011	101100011
chr22	21071059	100101000	100101000
chr22	25336700	100101000	100101000
chr22	25336704	100101000	100101000
chr22	49951778	100101111	111111111
chr22	50066277	000101001	000101001
chr22	17012128	000000110	000000111
chr22	17261008	000000110	000000111
chr22	18417343	000000110	000000111
chr22	18527697	000000110	000000111
chr22	19526686	000000110	000000111
chr22	20273702	000000110	000000111
chr22	23989619	000000110	000000111
chr22	25940460	000000110	000000111
chr22	26316604	000000110	000000111
chr22	27011206	000000110	000000111
chr22	27278465	000000110	000000111
chr22	27485596	000000110	000000111
chr22	28639854	000000110	000000111
chr22	29702369	000000110	000000111
chr22	30704497	000000110	000000111
chr22	30852792	000000110	000000111
chr22	31837903	000000110	000000111
chr22	32628087	000000110	000000111
chr22	33091783	000000110	000000111
chr22	33923797	000000110	000000111
chr22	34281063	000000110	000000111
chr22	34477211	000000110	000000111
chr22	38502815	000000110	000000111
chr22	39658334	000000110	000000111
chr22	42247619	000000110	000000111
chr22	42583786	000000110	000000111
chr22	45770391	000000110	000000111
chr22	46606975	000000110	000000111
chr22	50503409	000000110	000000111
chr22	50805078	000000110	000000111
chr22	21571677	000000110	000000110
chr22	20449216	101010110	101010110
chr22	19022175	101010111	111111111
chr22	21066942	100111111	111111111
chr22	21625385	100111111	111111111
chr22	34615577	100111111	100111111
chr22	35731610	100111111	100111111
chr22	18835298	010011001	010011001
chr22	47000916	010011001	010011001
chr22	43520370	101011111	111111111
chr22	16104668	101011111	101011111
chr22	18572472	101011111	101011111
chr22	20211051	101011111	101011111
chr22	28861132	101011111	101011111
chr22	36617605	101011111	101011111
chr22	41317162	101011111	101011111
chr22	44717371	101011111	101011111
chr22	21586643	111101110	111111111
chr22	51229495	111101110	111111111
chr22	49016553	111101110	111101110
chr22	16305661	111101111	111111111
chr22	16354754	111101111	111111111
chr22	16384689	111101111	111111111
chr22	21636026	111101111	111111111
chr22	23659643	111101111	111111111
chr22	42963183	111101111	111111111
chr22	47742843	111101111	111111111
chr22	16597156	111101111	111101111
chr22	21480271	111101111	111101111
chr22	21584468	111101111	111101111
chr22	49006383	111101111	111101111
chr22	48761345	100000010	100000010
chr22	16577823	100000001	100000001
chr22	17711137	100000001	100000001
chr22	18572480	100000001	100000001
chr22	19688482	100000001	100000001
chr22	19688483	100000001	100000001
chr22	21483485	100000001	100000001
chr22	32347003	100000001	100000001
chr22	33171694	100000001	100000001
chr22	35305159	100000001	100000001
chr22	45997990	100000001	100000001
chr22	18802400	101100000	101100000
chr22	24323878	110000001	110000001
chr22	39037979	001000001	001000001
chr22	48875229	100101011	100101011
chr22	25642251	111101101	111111111
chr22	49016539	111101101	111101101
chr22	16081329	111011111	111111111
chr22	16162887	111011111	111111111
chr22	16463039	111011111	111111111
chr22	16593244	111011111	111111111
chr22	17373889	111011111	111111111
chr22	18736217	111011111	111111111
chr22	18838749	111011111	111111111
chr22	20329369	111011111	111111111
chr22	20330122	111011111	111111111
chr22	31780625	111011111	111111111
chr22	38626165	111011111	111111111
chr22	46963307	111011111	111111111
chr22	49074885	111011111	111111111
chr22	49249212	111011111	111111111
chr22	50607268	111011111	111111111
chr22	51230503	111011111	111111111
chr22	20329415	111011111	111011111
chr22	41691190	111011111	111011111
chr22	49122311	111011100	111111111
chr22	16990407	111011110	111111111
chr22	23659783	111100001	111100001
chr22	16661659	111011101	111111111
chr22	21718261	110100010	110100010
chr22	16387795	011101111	011101111
chr22	18841052	111110000	111110000
chr22	24654059	111110001	111110001
chr22	17324431	000000101	000000111
chr22	18033030	000000101	000000111
chr22	18441065	000000101	000000111
chr22	20289218	000000101	000000111
chr22	21680408	000000101	000000111
chr22	21802248	000000101	000000111
chr22	24928444	000000101	000000111
chr22	25015744	000000101	000000111
chr22	25509777	000000101	000000111
chr22	25708919	000000101	000000111
chr22	25733292	000000101	000000111
chr22	27641990	000000101	000000111
chr22	30436035	000000101	000000111
chr22	31680953	000000101	000000111
chr22	32686651	000000101	000000111
chr22	35740514	000000101	000000111
chr22	35775934	000000101	000000111
chr22	35810756	000000101	000000111
chr22	37527714	000000101	000000111
chr22	41043595	000000101	000000111
chr22	41936792	000000101	000000111
chr22	42158637	000000101	000000111
chr22	42160750	000000101	000000111
chr22	42557444	000000101	000000111
chr22	42784792	000000101	000000111
chr22	43243616	000000101	000000111
chr22	43949022	000000101	000000111
chr22	45267511	000000101	000000111
chr22	45544536	000000101	000000111
chr22	45585460	000000101	000000111
chr22	46025469	000000101	000000111
chr22	46967523	000000101	000000111
chr22	47138751	000000101	000000111
chr22	47595972	000000101	000000111
chr22	47662675	000000101	000000111
chr22	47980518	000000101	000000111
chr22	50882000	000000101	000000111
chr22	34283177	001111110	001111111
chr22	38928944	001111110	001111111
chr22	40100466	001111110	001111111
chr22	40386598	001111110	001111111
chr22	40541600	001111110	001111111
chr22	42574420	001111110	001111111
chr22	43918215	001111110	001111111
chr22	49248408	001111110	001111111
chr22	51139803	001111110	001111111
chr22	48648660	000111010	001111111
chr22	16236958	111111101	111111111
chr22	16320235	111111101	111111111
chr22	16340551	111111101	111111111
chr22	16364901	111111101	111111111
chr22	16897762	111111101	111111111
chr22	17050777	111111101	111111111
chr22	21735049	111111101	111111111
chr22	24655886	111111101	111111111
chr22	25920066	111111101	111111111
chr22	35563729	111111101	111111111
chr22	35888192	111111101	111111111
chr22	16614145	111111101	111111101
chr22	21494149	111111101	111111101
chr22	16208767	101010001	101010001
chr22	18844942	111111100	111111111
chr22	20491664	111111100	111111111
chr22	30705584	000100111	001111111
chr22	33251306	001111010	001111111
chr22	45295929	001111010	001111111
chr22	51148118	001111010	001111111
chr22	22653410	001111011	001111111
chr22	25913027	001111011	001111111
chr22	28725566	001111011	001111111
chr22	30304301	001111011	001111111
chr22	33244327	001111011	001111111
chr22	34290329	001111011	001111111
chr22	34608420	001111011	001111111
chr22	37675739	001111011	001111111
chr22	37721204	001111011	001111111
chr22	44709187	001111011	001111111
chr22	46293559	001111011	001111111
chr22	48093155	001111011	001111111
chr22	50426774	001111011	001111111
chr22	49074977	100110000	100110000
chr22	21725733	111010111	111010111
chr22	18684530	000111111	001111111
chr22	25287003	000111111	001111111
chr22	26252354	000111111	001111111
chr22	27250496	000111111	001111111
chr22	40378448	000111111	001111111
chr22	43637412	000111111	001111111
chr22	43659481	000111111	001111111
chr22	26860160	000111111	000111111
chr22	45724050	000111111	000111111
chr22	44393150	001111001	001111111
chr22	16251281	111111110	111111111
chr22	16411304	111111110	111111111
chr22	16411311	111111110	111111111
chr22	16990392	111111110	111111111
chr22	17005101	111111110	111111111
chr22	17374102	111111110	111111111
chr22	18802480	111111110	111111111
chr22	18836601	111111110	111111111
chr22	19947322	111111110	111111111
chr22	19947341	111111110	111111111
chr22	20364727	111111110	111111111
chr22	21044637	111111110	111111111
chr22	28733288	111111110	111111111
chr22	38787703	111111110	111111111
chr22	48648081	111111110	111111111
chr22	49074933	111111110	111111111
chr22	19947359	010001000	010001000
chr22	16878305	111110110	111111111
chr22	23680589	111110110	111111111
chr22	16336865	100000011	100000011
chr22	17717675	100000011	100000011
chr22	23550652	100000011	100000011
chr22	26682034	100000011	100000011
chr22	36106167	100000011	100000011
chr22	37596138	100000011	100000011
chr22	39262310	100000011	100000011
chr22	39580336	100000011	100000011
chr22	42303640	100000011	100000011
chr22	43558051	100000011	100000011
chr22	46610651	100000011	100000011
chr22	47622709	100000011	100000011
chr22	48508357	100000011	100000011
chr22	16208762	101110001	101110001
chr22	44342022	101110001	101110001
chr22	16201713	111110111	111111111
chr22	16302337	111110111	111111111
chr22	16409806	111110111	111111111
chr22	16878294	111110111	111111111
chr22	16878302	111110111	111111111
chr22	16970726	111110111	111111111
chr22	18795889	111110111	111111111
chr22	21050418	111110111	111111111
chr22	24652371	111110111	111111111
chr22	25065795	111110111	111111111
chr22	47744325	111110111	111111111
chr22	47999083	111110111	111111111
chr22	16409256	111110111	111110111
chr22	18730900	111110111	111110111
chr22	18767839	111110111	111110111
chr22	16065047	100000111	100000111
chr22	16536396	100000111	100000111
chr22	17187683	100000111	100000111
chr22	17724349	100000111	100000111
chr22	19283848	100000111	100000111
chr22	20203257	100000111	100000111
chr22	22435562	100000111	100000111
chr22	22476925	100000111	100000111
chr22	24019271	100000111	100000111
chr22	24275594	100000111	100000111
chr22	25819129	100000111	100000111
chr22	26161772	100000111	100000111
chr22	26447885	100000111	100000111
chr22	27161554	100000111	100000111
chr22	27282763	100000111	100000111
chr22	29858660	100000111	100000111
chr22	32726161	100000111	100000111
chr22	33321048	100000111	100000111
chr22	33372011	100000111	100000111
chr22	33491406	100000111	100000111
chr22	33785014	100000111	100000111
chr22	33879321	100000111	100000111
chr22	39789078	100000111	100000111
chr22	40073730	100000111	100000111
chr22	41331053	100000111	100000111
chr22	42470008	100000111	100000111
chr22	43370773	100000111	100000111
chr22	44343692	100000111	100000111
chr22	46033997	100000111	100000111
chr22	47723198	100000111	100000111
chr22	49025008	100000111	100000111
chr22	49360596	100000111	100000111
chr22	49471961	100000111	100000111
chr22	49478546	100000111	100000111
chr22	50494895	100000111	100000111
chr22	17459200	100000110	100000110
chr22	25997715	100000110	100000110
chr22	27869569	100000110	100000110
chr22	30780848	100000110	100000110
chr22	30991218	100000110	100000110
chr22	34327728	100000110	100000110
chr22	38542056	100000110	100000110
chr22	16507651	111001010	111001010
chr22	19276278	001011111	001111111
chr22	29948266	001011111	001111111
chr22	30606941	001011111	001111111
chr22	30609810	001011111	001111111
chr22	32685847	001011111	001111111
chr22	36727194	001011111	001111111
chr22	39887317	001011111	001111111
chr22	48054688	001011111	001111111
chr22	22636325	001111101	001111111
chr22	37425219	001111101	001111111
chr22	38708953	001111101	001111111
chr22	39359842	001111101	001111111
chr22	16952978	111001111	111111111
chr22	16508421	001011110	001111111
chr22	33031873	001011110	001111111
chr22	37002601	001011110	001111111
chr22	18684489	001111100	001111111
chr22	25336646	010010000	010010000
chr22	20322149	100110111	111111111
chr22	32779063	100110111	100110111
chr22	21718250	110101010	110101010
chr22	49793383	110101010	110101010
chr22	16113372	110101011	110101011
chr22	51118478	011011101	111111111
chr22	18787128	011011101	011011101
chr22	16848250	000001110	000001111
chr22	17941266	000001110	000001111
chr22	18512368	000001110	000001111
chr22	19658818	000001110	000001111
chr22	19976889	000001110	000001111
chr22	20962387	000001110	000001111
chr22	21286988	000001110	000001111
chr22	21300699	000001110	000001111
chr22	22357105	000001110	000001111
chr22	22461082	000001110	000001111
chr22	23187368	000001110	000001111
chr22	23278323	000001110	000001111
chr22	23740143	000001110	000001111
chr22	24098117	000001110	000001111
chr22	24624867	000001110	000001111
chr22	24644365	000001110	000001111
chr22	24778952	000001110	000001111
chr22	24935071	000001110	000001111
chr22	25510715	000001110	000001111
chr22	25758524	000001110	000001111
chr22	26270031	000001110	000001111
chr22	26327656	000001110	000001111
chr22	26671295	000001110	000001111
chr22	27785675	000001110	000001111
chr22	28497112	000001110	000001111
chr22	28948479	000001110	000001111
chr22	29764869	000001110	000001111
chr22	30616517	000001110	000001111
chr22	30934968	000001110	000001111
chr22	31331956	000001110	000001111
chr22	32676870	000001110	000001111
chr22	32733382	000001110	000001111
chr22	32828515	000001110	000001111
chr22	35424029	000001110	000001111
chr22	35959193	000001110	000001111
chr22	36870678	000001110	000001111
chr22	37344975	000001110	000001111
chr22	37745835	000001110	000001111
chr22	38477289	000001110	000001111
chr22	39236069	000001110	000001111
chr22	40670597	000001110	000001111
chr22	40703891	000001110	000001111
chr22	41047592	000001110	000001111
chr22	42963965	000001110	000001111
chr22	43340270	000001110	000001111
chr22	43903498	000001110	000001111
chr22	44390088	000001110	000001111
chr22	46120480	000001110	000001111
chr22	46777320	000001110	000001111
chr22	47244616	000001110	000001111
chr22	48561009	000001110	000001111
chr22	49025819	000001110	000001111
chr22	50662137	000001110	000001111
chr22	51236043	000001110	000001110
chr22	18752145	100010111	100010111
chr22	20322773	100110011	100110011
chr22	20298220	000111100	001111111
chr22	16365289	101111011	111111111
chr22	33184760	101111011	111111111
chr22	17934770	101111011	101111011
chr22	19964814	101111011	101111011
chr22	20908784	101111011	101111011
chr22	25123027	101111011	101111011
chr22	28858203	101111011	101111011
chr22	29405374	101111011	101111011
chr22	40202187	101111011	101111011
chr22	50066487	101111011	101111011
chr22	49122409	111010100	111010100
chr22	17328173	000001101	000001111
chr22	17543246	000001101	000001111
chr22	17598256	000001101	000001111
chr22	18558366	000001101	000001111
chr22	20289903	000001101	000001111
chr22	20974794	000001101	000001111
chr22	21811907	000001101	000001111
chr22	22433008	000001101	000001111
chr22	23391753	000001101	000001111
chr22	23495471	000001101	000001111
chr22	23846472	000001101	000001111
chr22	24581862	000001101	000001111
chr22	24832789	000001101	000001111
chr22	24938101	000001101	000001111
chr22	25539509	000001101	000001111
chr22	27866001	000001101	000001111
chr22	28768028	000001101	000001111
chr22	29100394	000001101	000001111
chr22	30324306	000001101	000001111
chr22	30387415	000001101	000001111
chr22	30416179	000001101	000001111
chr22	30985382	000001101	000001111
chr22	33075041	000001101	000001111
chr22	33260769	000001101	000001111
chr22	33756563	000001101	000001111
chr22	34081937	000001101	000001111
chr22	34216793	000001101	000001111
chr22	36797060	000001101	000001111
chr22	37113742	000001101	000001111
chr22	37262615	000001101	000001111
chr22	38341859	000001101	000001111
chr22	41873873	000001101	000001111
chr22	45946326	000001101	000001111
chr22	46540578	000001101	000001111
chr22	46705206	000001101	000001111
chr22	46851898	000001101	000001111
chr22	47307265	000001101	000001111
chr22	49233160	000001101	000001111
chr22	21718120	101110011	111111111
chr22	17544541	101110011	101110011
chr22	16307624	011100101	011100101
chr22	17237474	000001011	000001111
chr22	17387917	000001011	000001111
chr22	18553248	000001011	000001111
chr22	19629116	000001011	000001111
chr22	20053268	000001011	000001111
chr22	20643730	000001011	000001111
chr22	20915051	000001011	000001111
chr22	23318481	000001011	000001111
chr22	24007788	000001011	000001111
chr22	24678454	000001011	000001111
chr22	24802890	000001011	000001111
chr22	24949362	000001011	000001111
chr22	25609718	000001011	000001111
chr22	25633056	000001011	000001111
chr22	26034432	000001011	000001111
chr22	26320052	000001011	000001111
chr22	27831590	000001011	000001111
chr22	28463847	000001011	000001111
chr22	28835922	000001011	000001111
chr22	29236675	000001011	000001111
chr22	29912830	000001011	000001111
chr22	29924157	000001011	000001111
chr22	30697579	000001011	000001111
chr22	30722949	000001011	000001111
chr22	31046955	000001011	000001111
chr22	31141321	000001011	000001111
chr22	31183819	000001011	000001111
chr22	33029010	000001011	000001111
chr22	33390375	000001011	000001111
chr22	33958518	000001011	000001111
chr22	34047464	000001011	000001111
chr22	34322414	000001011	000001111
chr22	35093898	000001011	000001111
chr22	35922085	000001011	000001111
chr22	35955691	000001011	000001111
chr22	36113095	000001011	000001111
chr22	36606759	000001011	000001111
chr22	38531954	000001011	000001111
chr22	39069801	000001011	000001111
chr22	39116883	000001011	000001111
chr22	40355424	000001011	000001111
chr22	40711688	000001011	000001111
chr22	40801565	000001011	000001111
chr22	41007668	000001011	000001111
chr22	42374256	000001011	000001111
chr22	42483440	000001011	000001111
chr22	42934475	000001011	000001111
chr22	43557471	000001011	000001111
chr22	45087684	000001011	000001111
chr22	45523305	000001011	000001111
chr22	46205269	000001011	000001111
chr22	47408879	000001011	000001111
chr22	48571440	000001011	000001111
chr22	48661403	000001011	000001111
chr22	21644281	000001010	000001111
chr22	24096587	000001010	000001111
chr22	29538567	000001010	000001111
chr22	29747674	000001010	000001111
chr22	30646032	000001010	000001111
chr22	33855776	000001010	000001111
chr22	35015474	000001010	000001111
chr22	36600269	000001010	000001111
chr22	39557168	000001010	000001111
chr22	39909774	000001010	000001111
chr22	29198390	001011101	001111111
chr22	38700787	001011101	001111111
chr22	44708386	001011101	001111111
chr22	48981270	110010110	110010110
