-----
Chromosome	Location	Original Code	New Code
-----
chr22	17268056	001110101	001110101
chr22	26002007	001110101	001110101
chr22	41049754	000110110	001111110
chr22	21071059	101000000	101000000
chr22	47560721	001001111	001001111
chr22	16973059	101111111	111111111
chr22	16973063	101111111	111111111
chr22	18847270	101111111	111111111
chr22	21635197	101111111	111111111
chr22	21689805	101111111	111111111
chr22	23883489	101111111	111111111
chr22	42963187	101111111	111111111
chr22	20394502	101111111	101111111
chr22	22970974	101000101	101000101
chr22	20354187	101111110	111111111
chr22	20491664	101111110	111111111
chr22	49122311	101111110	111111111
chr22	16346070	101111110	101111110
chr22	49016546	101111110	101111110
chr22	21050335	010111111	111111111
chr22	23659783	010010011	010010011
chr22	21549028	111111000	111111000
chr22	45724132	111111000	111111000
chr22	18841052	010111110	111111111
chr22	20501608	110011110	111111111
chr22	44510273	100010001	100010001
chr22	22981754	110011100	110011100
chr22	51229495	101011001	101011001
chr22	49654053	000011111	000011111
chr22	23688906	100010000	100010000
chr22	49696548	100010000	100010000
chr22	48648081	010100101	010100101
chr22	23653555	011110111	111111111
chr22	25065795	011110111	111111111
chr22	47255448	011110111	111111111
chr22	48128434	010100100	010100100
chr22	17373889	011111011	111111111
chr22	20320229	011111011	111111111
chr22	20705118	011111011	111111111
chr22	47293811	000110100	000110100
chr22	16061992	011011111	111111111
chr22	21720452	110111100	110111100
chr22	48981270	110011001	110011001
chr22	18111404	001110110	001111110
chr22	18279249	001110110	001111110
chr22	19666965	001110110	001111110
chr22	19684423	001110110	001111110
chr22	24348038	001110110	001111110
chr22	27957682	001110110	001111110
chr22	30700414	001110110	001111110
chr22	31272010	001110110	001111110
chr22	33940403	001110110	001111110
chr22	37650901	001110110	001111110
chr22	38152445	001110110	001111110
chr22	41273663	001110110	001111110
chr22	41678833	001110110	001111110
chr22	41919112	001110110	001111110
chr22	22506549	001110111	001110111
chr22	27376051	001110111	001110111
chr22	49074978	010100011	010100011
chr22	16340551	111011011	111111111
chr22	21515683	111011011	111111111
chr22	21575800	111011011	111111111
chr22	44510539	111011011	111111111
chr22	21683529	001001100	001111110
chr22	25336718	001001101	001001101
chr22	20706869	111010011	111111111
chr22	48875229	111010011	111111111
chr22	48875260	111010011	111111111
chr22	33163384	000010001	000010001
chr22	51215028	111101011	111111111
chr22	26457054	001001110	001111110
chr22	39383228	001001110	001111110
chr22	46824668	001001110	001111110
chr22	16975102	000000011	000000011
chr22	17237794	000000011	000000011
chr22	17861116	000000011	000000011
chr22	18528859	000000011	000000011
chr22	18534640	000000011	000000011
chr22	18995819	000000011	000000011
chr22	20299083	000000011	000000011
chr22	20375407	000000011	000000011
chr22	21715405	000000011	000000011
chr22	22093784	000000011	000000011
chr22	22129100	000000011	000000011
chr22	22523530	000000011	000000011
chr22	22837547	000000011	000000011
chr22	23203985	000000011	000000011
chr22	24273631	000000011	000000011
chr22	24506612	000000011	000000011
chr22	25058650	000000011	000000011
chr22	25326199	000000011	000000011
chr22	25875521	000000011	000000011
chr22	27143468	000000011	000000011
chr22	28208355	000000011	000000011
chr22	28507395	000000011	000000011
chr22	28726829	000000011	000000011
chr22	29028949	000000011	000000011
chr22	29131885	000000011	000000011
chr22	30741591	000000011	000000011
chr22	31103050	000000011	000000011
chr22	31152827	000000011	000000011
chr22	31606162	000000011	000000011
chr22	32211022	000000011	000000011
chr22	32443792	000000011	000000011
chr22	32533764	000000011	000000011
chr22	32651147	000000011	000000011
chr22	32776984	000000011	000000011
chr22	32853619	000000011	000000011
chr22	33079528	000000011	000000011
chr22	33800190	000000011	000000011
chr22	33824854	000000011	000000011
chr22	34285891	000000011	000000011
chr22	34506843	000000011	000000011
chr22	34732854	000000011	000000011
chr22	34800507	000000011	000000011
chr22	35093854	000000011	000000011
chr22	36035931	000000011	000000011
chr22	36039998	000000011	000000011
chr22	36393362	000000011	000000011
chr22	36872287	000000011	000000011
chr22	37168198	000000011	000000011
chr22	38148288	000000011	000000011
chr22	40454895	000000011	000000011
chr22	40510064	000000011	000000011
chr22	42703796	000000011	000000011
chr22	42759380	000000011	000000011
chr22	42946649	000000011	000000011
chr22	43096652	000000011	000000011
chr22	44110271	000000011	000000011
chr22	44314654	000000011	000000011
chr22	44824553	000000011	000000011
chr22	44892610	000000011	000000011
chr22	45242904	000000011	000000011
chr22	45700005	000000011	000000011
chr22	46546526	000000011	000000011
chr22	46646903	000000011	000000011
chr22	50623471	000000011	000000011
chr22	50650915	000000011	000000011
chr22	50884978	000000011	000000011
chr22	48875205	101010011	101010011T
chr22	48648663	000011010	001111110
chr22	49383343	001001011	001001011
chr22	51121148	000110111	000110111
chr22	18244691	000000111	000000111
chr22	19219163	000000111	000000111
chr22	19420471	000000111	000000111
chr22	19848943	000000111	000000111
chr22	20197989	000000111	000000111
chr22	20963832	000000111	000000111
chr22	21225756	000000111	000000111
chr22	21415322	000000111	000000111
chr22	21953192	000000111	000000111
chr22	22076759	000000111	000000111
chr22	22494337	000000111	000000111
chr22	22626894	000000111	000000111
chr22	22767911	000000111	000000111
chr22	23425469	000000111	000000111
chr22	23559370	000000111	000000111
chr22	23592217	000000111	000000111
chr22	23648380	000000111	000000111
chr22	23962495	000000111	000000111
chr22	24018248	000000111	000000111
chr22	24385360	000000111	000000111
chr22	24991550	000000111	000000111
chr22	25099883	000000111	000000111
chr22	25746076	000000111	000000111
chr22	26349373	000000111	000000111
chr22	26413745	000000111	000000111
chr22	26612668	000000111	000000111
chr22	27446638	000000111	000000111
chr22	27454356	000000111	000000111
chr22	28025473	000000111	000000111
chr22	28193116	000000111	000000111
chr22	28352141	000000111	000000111
chr22	28606745	000000111	000000111
chr22	29046368	000000111	000000111
chr22	29288937	000000111	000000111
chr22	29501922	000000111	000000111
chr22	29598694	000000111	000000111
chr22	30001859	000000111	000000111
chr22	30256855	000000111	000000111
chr22	30584027	000000111	000000111
chr22	30996443	000000111	000000111
chr22	31019544	000000111	000000111
chr22	31575040	000000111	000000111
chr22	32019674	000000111	000000111
chr22	32031088	000000111	000000111
chr22	32240002	000000111	000000111
chr22	32602433	000000111	000000111
chr22	33109607	000000111	000000111
chr22	33168228	000000111	000000111
chr22	33213937	000000111	000000111
chr22	33871506	000000111	000000111
chr22	33952109	000000111	000000111
chr22	34115171	000000111	000000111
chr22	34517901	000000111	000000111
chr22	35229776	000000111	000000111
chr22	35299762	000000111	000000111
chr22	35473069	000000111	000000111
chr22	35699043	000000111	000000111
chr22	36362951	000000111	000000111
chr22	36569910	000000111	000000111
chr22	36723210	000000111	000000111
chr22	36882890	000000111	000000111
chr22	36938938	000000111	000000111
chr22	37142323	000000111	000000111
chr22	37197866	000000111	000000111
chr22	37364112	000000111	000000111
chr22	38235291	000000111	000000111
chr22	38272675	000000111	000000111
chr22	38789728	000000111	000000111
chr22	39332068	000000111	000000111
chr22	39645532	000000111	000000111
chr22	39945395	000000111	000000111
chr22	40666637	000000111	000000111
chr22	40736645	000000111	000000111
chr22	41567378	000000111	000000111
chr22	41598637	000000111	000000111
chr22	41769109	000000111	000000111
chr22	42107287	000000111	000000111
chr22	42144375	000000111	000000111
chr22	43459869	000000111	000000111
chr22	43596016	000000111	000000111
chr22	43758119	000000111	000000111
chr22	44954275	000000111	000000111
chr22	45283767	000000111	000000111
chr22	45893597	000000111	000000111
chr22	45943035	000000111	000000111
chr22	46170708	000000111	000000111
chr22	46326546	000000111	000000111
chr22	46573494	000000111	000000111
chr22	46598533	000000111	000000111
chr22	46598907	000000111	000000111
chr22	46714738	000000111	000000111
chr22	47562874	000000111	000000111
chr22	48050585	000000111	000000111
chr22	48576749	000000111	000000111
chr22	49220736	000000111	000000111
chr22	49500965	000000111	000000111
chr22	49775676	000000111	000000111
chr22	50449384	000000111	000000111
chr22	51198604	000000111	000000111
chr22	20298581	100111010	100111010
chr22	21718264	011010011	011010011T
chr22	16540035	111101100	111101100
chr22	16546581	111011010	111111111
chr22	49951798	101110101	111111111
chr22	16345549	110101111	111111111
chr22	33000524	110101111	111111111
chr22	20298220	001110011	001110011
chr22	48061827	001110011	001110011
chr22	49233160	001110011	001110011
chr22	47000916	111101000	111101000
chr22	30864280	100100000	100100000
chr22	23681221	001001000	001001000
chr22	17375559	001101111	001101111
chr22	18086670	001101111	001101111
chr22	18954878	001101111	001101111
chr22	20175231	001101111	001101111
chr22	43219517	001101111	001101111
chr22	44287193	001101111	001101111
chr22	44423618	001101111	001101111
chr22	24634480	001101110	001111110
chr22	25527542	001101110	001111110
chr22	27530645	001101110	001111110
chr22	35659670	001101110	001111110
chr22	47372065	001101110	001111110
chr22	50807901	001101110	001111110
chr22	16210881	011111111	111111111
chr22	16236958	011111111	111111111
chr22	16364923	011111111	111111111
chr22	16533761	011111111	111111111
chr22	16984522	011111111	111111111
chr22	20320731	011111111	111111111
chr22	20394526	011111111	111111111
chr22	20471784	011111111	111111111
chr22	20624711	011111111	111111111
chr22	22979131	011111111	111111111
chr22	24657872	011111111	111111111
chr22	25901884	011111111	111111111
chr22	36131201	011111111	111111111
chr22	51227891	011111111	111111111
chr22	18838749	011111111	011111111
chr22	18843741	011111111	011111111
chr22	22622953	110111101	111111111
chr22	25070472	110111101	111111111
chr22	21470346	110111101	110111101
chr22	38781082	110111101	110111101
chr22	25336700	011101101	011101101
chr22	25336704	011101101	011101101
chr22	16655722	011111110	111111111
chr22	19022175	010111000	010111000
chr22	25913027	010111000	010111000
chr22	20322773	011001001	011001001
chr22	16661659	101100111	111111111
chr22	16681678	111111011	111111111
chr22	16695829	111111011	111111111
chr22	16909454	111111011	111111111
chr22	16957145	111111011	111111111
chr22	16957146	111111011	111111111
chr22	16978388	111111011	111111111
chr22	24008465	111111011	111111111
chr22	24195832	111111011	111111111
chr22	37496460	111111011	111111111
chr22	38626165	111111011	111111111
chr22	39386819	111111011	111111111
chr22	42967403	111111011	111111111
chr22	51118478	111111011	111111111
chr22	16104668	111111011	111111011
chr22	19684429	001110010	001111110
chr22	29576207	001110010	001111110
chr22	16302297	010111101	111111111
chr22	21066942	010111101	010111101
chr22	19947346	001101011	001101011
chr22	21600633	101111101	111111111
chr22	34955296	101111101	101111101
chr22	49122409	001101010	001111110
chr22	16250862	011110110	111111111
chr22	16952978	101000111	101000111
chr22	18787761	101110111	111111111
chr22	21635607	101110111	111111111
chr22	20449216	011110101	111111111
chr22	20627265	101001101	101001101T
chr22	16354754	111111001	111111111
chr22	16387795	111111001	111111001
chr22	18789625	110011111	111111111
chr22	16078974	110111111	111111111
chr22	16208756	110111111	111111111
chr22	16208762	110111111	111111111
chr22	16208767	110111111	111111111
chr22	16302337	110111111	111111111
chr22	16347827	110111111	111111111
chr22	16925896	110111111	111111111
chr22	18886211	110111111	111111111
chr22	20330513	110111111	111111111
chr22	20470617	110111111	111111111
chr22	21554218	110111111	111111111
chr22	23658361	110111111	111111111
chr22	24009444	110111111	111111111
chr22	51220848	110111111	111111111
chr22	20346278	110111111	110111111
chr22	21605678	110111111	110111111
chr22	21757334	110111111	110111111
chr22	18904875	110111110	111111111
chr22	21625196	001101101	001101101
chr22	19942630	010000001	110000001
chr22	22534536	010000001	110000001
chr22	25998156	010000001	110000001
chr22	26278981	010000001	110000001
chr22	29881290	010000001	110000001
chr22	32924410	010000001	110000001
chr22	34642178	010000001	110000001
chr22	35139318	010000001	110000001
chr22	36703154	010000001	110000001
chr22	39556618	010000001	110000001
chr22	46135415	010000001	110000001
chr22	46512891	010000001	110000001
chr22	46625278	010000001	110000001
chr22	21718239	010011010	010011010
chr22	18831620	110110111	111111111
chr22	21602657	110110111	111111111
chr22	20486571	010111011	111111111
chr22	16205497	101011101	111111111
chr22	21066930	010101001	010101001
chr22	17374498	100101110	100101110
chr22	50066435	100011111	100011111
chr22	16898206	111110010	111111111
chr22	21548497	111110010	111111111
chr22	16251281	111000110	111000110
chr22	21571677	010011000	010011000
chr22	16990407	100111111	111111111
chr22	18774367	101011111	111111111
chr22	44510591	101011111	111111111
chr22	48648411	110100110	110100110
chr22	16288255	111101110	111111111
chr22	24651963	111101110	111111111
chr22	16164147	111101111	111111111
chr22	16229769	111101111	111111111
chr22	16952184	111101111	111111111
chr22	17031546	111101111	111111111
chr22	17031581	111101111	111111111
chr22	17031584	111101111	111111111
chr22	17251988	111101111	111111111
chr22	18791458	111101111	111111111
chr22	18836501	111101111	111111111
chr22	20940266	111101111	111111111
chr22	21583977	111101111	111111111
chr22	21662663	111101111	111111111
chr22	22621322	111101111	111111111
chr22	24010913	111101111	111111111
chr22	25902937	111101111	111111111
chr22	35176005	111101111	111111111
chr22	35563729	111101111	111111111
chr22	35888210	111101111	111111111
chr22	43183762	111101111	111111111
chr22	50066487	111101111	111111111
chr22	51121192	111101111	111111111
chr22	16151692	111101111	111101111
chr22	21067806	111101111	111101111
chr22	21586643	111101111	111101111
chr22	49016539	101011110	101011110
chr22	22870767	100000001	110000001
chr22	28681888	100000001	110000001
chr22	30311021	100000001	110000001
chr22	44451017	100000001	110000001
chr22	45514347	100000001	110000001
chr22	47877625	100000001	110000001
chr22	48019966	100000001	110000001
chr22	49603639	100000001	110000001
chr22	50994172	100000001	110000001
chr22	42563529	100000001	100000001
chr22	39037979	110000111	110000111
chr22	16081329	111011111	111111111
chr22	16346553	111011111	111111111
chr22	16365117	111011111	111111111
chr22	16463039	111011111	111111111
chr22	16464716	111011111	111111111
chr22	18787128	111011111	111111111
chr22	18836515	111011111	111111111
chr22	20343199	111011111	111111111
chr22	24651330	111011111	111111111
chr22	24692619	111011111	111111111
chr22	25071286	111011111	111111111
chr22	25071320	111011111	111111111
chr22	25697952	111011111	111111111
chr22	43380548	111011111	111111111
chr22	45280557	111011111	111111111
chr22	47256435	111011111	111111111
chr22	50467091	111011111	111111111
chr22	51119445	111011111	111111111
chr22	16491206	111011111	111011111
chr22	16874804	111011111	111011111
chr22	18655607	111011111	111011111
chr22	43030870	111011101	111111111
chr22	18844942	011101110	111111111
chr22	18823741	011101110	011101110
chr22	50467610	011101110	011101110
chr22	44509392	100011101	100011101
chr22	16210642	001111111	111111111
chr22	17499030	001111111	111111111
chr22	27760078	001111111	111111111
chr22	31776994	001111111	111111111
chr22	17676891	001111111	001111111
chr22	17883301	001111111	001111111
chr22	18267708	001111111	001111111
chr22	18400786	001111111	001111111
chr22	21034703	001111111	001111111
chr22	21726970	001111111	001111111
chr22	22345834	001111111	001111111
chr22	22567177	001111111	001111111
chr22	26034340	001111111	001111111
chr22	26230991	001111111	001111111
chr22	27833989	001111111	001111111
chr22	28831811	001111111	001111111
chr22	29894792	001111111	001111111
chr22	32327921	001111111	001111111
chr22	33435025	001111111	001111111
chr22	34936901	001111111	001111111
chr22	35261407	001111111	001111111
chr22	35708380	001111111	001111111
chr22	36838137	001111111	001111111
chr22	37396696	001111111	001111111
chr22	37693373	001111111	001111111
chr22	38644554	001111111	001111111
chr22	39014749	001111111	001111111
chr22	39211500	001111111	001111111
chr22	40582229	001111111	001111111
chr22	40740369	001111111	001111111
chr22	41079134	001111111	001111111
chr22	41653238	001111111	001111111
chr22	41874736	001111111	001111111
chr22	42076184	001111111	001111111
chr22	43657893	001111111	001111111
chr22	43752117	001111111	001111111
chr22	43842397	001111111	001111111
chr22	47546383	001111111	001111111
chr22	48656230	001111111	001111111
chr22	49682187	001111111	001111111
chr22	49731936	001111111	001111111
chr22	19947341	011101111	111111111
chr22	18780549	011101111	011101111
chr22	26724861	000101011	000101011
chr22	45280551	000101011	000101011
chr22	44897244	000101010	001111110
chr22	18748118	111110001	111110001
chr22	20002377	000000101	000000101
chr22	24567576	000000101	000000101
chr22	31635551	000000101	000000101
chr22	32284300	000000101	000000101
chr22	34790333	000000101	000000101
chr22	35179727	000000101	000000101
chr22	37324119	000000101	000000101
chr22	37890266	000000101	000000101
chr22	38241676	000000101	000000101
chr22	39940148	000000101	000000101
chr22	41354359	000000101	000000101
chr22	42134216	000000101	000000101
chr22	42599873	000000101	000000101
chr22	42893880	000000101	000000101
chr22	45993018	000000101	000000101
chr22	46047947	000000101	000000101
chr22	49058738	000000101	000000101
chr22	51226681	000000101	000000101
chr22	16507651	010110010	010110010
chr22	16113372	010110110	010110110
chr22	50467481	111001001	111001001
chr22	18802400	000111011	000111011
chr22	28259880	000111011	000111011
chr22	30448482	000111011	000111011
chr22	16103935	111111101	111111111
chr22	18774869	111111101	111111111
chr22	18833817	111111101	111111111
chr22	18836601	111111101	111111111
chr22	18926421	111111101	111111111
chr22	21494149	111111101	111111111
chr22	21639323	111111101	111111111
chr22	23680589	111111101	111111111
chr22	25634020	111111101	111111111
chr22	49258245	111111101	111111111
chr22	51190878	111111101	111111111
chr22	16379072	111111101	111111101
chr22	16394113	101010001	101010001
chr22	16503152	001111010	001111110
chr22	21744235	001111010	001111110
chr22	35297654	001111010	001111110
chr22	44724383	001111010	001111110
chr22	47721875	001111010	001111110
chr22	19523045	001111011	001111011
chr22	21730065	001111011	001111011
chr22	31797927	001111011	001111011
chr22	37783898	001111011	001111011
chr22	48020036	001111011	001111011
chr22	16223418	111010111	111111111
chr22	18727842	000111111	000111111
chr22	19294458	000111111	000111111
chr22	23752705	000111111	000111111
chr22	32125403	000111111	000111111
chr22	35157642	000111111	000111111
chr22	35160640	000111111	000111111
chr22	51219721	000111111	000111111
chr22	18018248	000111110	001111110
chr22	29032575	000111110	001111110
chr22	31886872	000111110	001111110
chr22	36780373	000111110	001111110
chr22	40428501	000111110	001111110
chr22	44303670	000111110	001111110
chr22	44457825	000111110	001111110
chr22	46063154	000111110	001111110
chr22	46489250	000111110	001111110
chr22	22658784	001111001	001111001
chr22	19688482	011000010	011000010
chr22	19688483	011000010	011000010
chr22	16406130	101110000	101110000
chr22	16078893	111111110	111111111
chr22	16898844	111111110	111111111
chr22	17037188	111111110	111111111
chr22	17050777	111111110	111111111
chr22	17373956	111111110	111111111
chr22	21693697	111111110	111111111
chr22	42536313	111111110	111111111
chr22	47999083	111111110	111111111
chr22	49016553	111111110	111111111
chr22	51121171	111111110	111111111
chr22	16476596	111111110	111111110
chr22	18823772	111111110	111111110
chr22	22980270	111111110	111111110
chr22	45150253	010001000	010001000
chr22	18802480	111110110	111111111
chr22	20449100	111110110	111111111
chr22	25022677	111110110	111111111
chr22	49074954	111110110	111111111
chr22	16662102	100000011	100000011
chr22	16364901	111110111	111111111
chr22	16467708	111110111	111111111
chr22	16656028	111110111	111111111
chr22	16661755	111110111	111111111
chr22	16898146	111110111	111111111
chr22	16914473	111110111	111111111
chr22	24010403	111110111	111111111
chr22	25642250	111110111	111111111
chr22	25642251	111110111	111111111
chr22	38120041	111110111	111111111
chr22	49074950	111110111	111111111
chr22	21761139	111110111	111110111
chr22	20322149	011000110	011000110
chr22	44702208	100000110	100000110
chr22	49793383	100000110	100000110
chr22	21038134	110010100	110010100
chr22	17817638	001011111	001011111
chr22	27513044	001011111	001011111
chr22	27536522	001011111	001011111
chr22	32349038	001011111	001011111
chr22	47256013	001011111	001011111
chr22	45140591	001111101	111111111
chr22	20074114	001111101	001111101
chr22	30597401	001111101	001111101
chr22	46523980	001111101	001111101
chr22	46885528	001111101	001111101
chr22	21332549	001011110	001111110
chr22	25467424	001011110	001111110
chr22	38447446	001011110	001111110
chr22	44345594	001011110	001111110
chr22	48735788	001011110	001111110
chr22	50131533	001011110	001111110
chr22	19205804	001111100	001111110
chr22	21241865	001111100	001111110
chr22	23829116	001111100	001111110
chr22	24416372	001111100	001111110
chr22	27249736	001111100	001111110
chr22	28525521	001111100	001111110
chr22	30049040	001111100	001111110
chr22	35558952	001111100	001111110
chr22	36023046	001111100	001111110
chr22	37318269	001111100	001111110
chr22	40265268	001111100	001111110
chr22	41082256	001111100	001111110
chr22	16171109	001111100	001111100
chr22	21570790	111100111	111111111
chr22	49132199	010110000	010110000
chr22	16099957	110101011	110101011
chr22	18725820	011100111	011100111
chr22	21047627	000001111	000001111
chr22	19947347	011100011	011100011
chr22	34064684	000001110	001111110
chr22	48128394	000001110	001111110
chr22	21718120	100010111	100010111
chr22	25002815	110010011	110010011
chr22	39220396	001011010	001111110
chr22	42323789	001011000	001111110
chr22	16451245	110111011	110111011
chr22	45724050	011011110	011011110
chr22	40253476	100001000	100001000
chr22	21505702	110111010	110111010
chr22	16365289	010101111	111111111
chr22	20320242	011011011	011011011
chr22	20652065	011011011	011011011
chr22	16647946	110010111	111111111
chr22	18572480	001011101	001011101
chr22	24323878	011011010	011011010
SUBPOPULATION MOVEMENTS
-----
chr22	17326850	001111110	001111111
chr22	17374133	001111110	001111111
chr22	17506950	001111110	001111111
chr22	17533985	001111110	001111111
chr22	19498027	001111110	001111111
chr22	19787784	001111110	001111111
chr22	20085639	001111110	001111111
chr22	20128464	001111110	001111111
chr22	20430290	001111110	001111111
chr22	20755151	001111110	001111111
chr22	21463772	001111110	001111111
chr22	21928438	001111110	001111111
chr22	21935965	001111110	001111111
chr22	22688299	001111110	001111111
chr22	23092487	001111110	001111111
chr22	23355482	001111110	001111111
chr22	23637923	001111110	001111111
chr22	24179779	001111110	001111111
chr22	24372895	001111110	001111111
chr22	24689316	001111110	001111111
chr22	24706999	001111110	001111111
chr22	25469686	001111110	001111111
chr22	25628778	001111110	001111111
chr22	25881799	001111110	001111111
chr22	26043598	001111110	001111111
chr22	26473867	001111110	001111111
chr22	27742241	001111110	001111111
chr22	27826664	001111110	001111111
chr22	27942350	001111110	001111111
chr22	28760447	001111110	001111111
chr22	29312662	001111110	001111111
chr22	31370598	001111110	001111111
chr22	31455344	001111110	001111111
chr22	31958663	001111110	001111111
chr22	32123399	001111110	001111111
chr22	33074370	001111110	001111111
chr22	33668707	001111110	001111111
chr22	34707048	001111110	001111111
chr22	35684576	001111110	001111111
chr22	35807117	001111110	001111111
chr22	36243332	001111110	001111111
chr22	36478068	001111110	001111111
chr22	36778198	001111110	001111111
chr22	36853785	001111110	001111111
chr22	37224876	001111110	001111111
chr22	37308064	001111110	001111111
chr22	37498905	001111110	001111111
chr22	37733290	001111110	001111111
chr22	37922167	001111110	001111111
chr22	38170058	001111110	001111111
chr22	38735638	001111110	001111111
chr22	38921337	001111110	001111111
chr22	39068035	001111110	001111111
chr22	39247892	001111110	001111111
chr22	39321442	001111110	001111111
chr22	39559372	001111110	001111111
chr22	40494010	001111110	001111111
chr22	40678348	001111110	001111111
chr22	41529752	001111110	001111111
chr22	41575257	001111110	001111111
chr22	42017322	001111110	001111111
chr22	42891236	001111110	001111111
chr22	43193724	001111110	001111111
chr22	44613474	001111110	001111111
chr22	45239672	001111110	001111111
chr22	46066813	001111110	001111111
chr22	46087125	001111110	001111111
chr22	46134876	001111110	001111111
chr22	46280223	001111110	001111111
chr22	46576539	001111110	001111111
chr22	46670554	001111110	001111111
chr22	46799345	001111110	001111111
chr22	47794178	001111110	001111111
chr22	48050684	001111110	001111111
chr22	48573628	001111110	001111111
chr22	49541549	001111110	001111111
chr22	49881766	001111110	001111111
chr22	50304076	001111110	001111111
chr22	51154657	001111110	001111111
chr22	51174294	001111110	001111111
chr22	22315769	001111110	001111110
chr22	27667354	001111110	001111110
chr22	35004908	001111110	001111110
chr22	43084547	001111110	001111110
chr22	50704317	001111110	001111110
-----
chr22	17055772	000000110	000000111
chr22	17108417	000000110	000000111
chr22	17437367	000000110	000000111
chr22	17503890	000000110	000000111
chr22	17554870	000000110	000000111
chr22	17711352	000000110	000000111
chr22	17826761	000000110	000000111
chr22	18071268	000000110	000000111
chr22	18071611	000000110	000000111
chr22	18196760	000000110	000000111
chr22	18282632	000000110	000000111
chr22	18345000	000000110	000000111
chr22	18520520	000000110	000000111
chr22	18557086	000000110	000000111
chr22	18897283	000000110	000000111
chr22	19102744	000000110	000000111
chr22	19183574	000000110	000000111
chr22	19204784	000000110	000000111
chr22	19268528	000000110	000000111
chr22	19307631	000000110	000000111
chr22	19367638	000000110	000000111
chr22	19375875	000000110	000000111
chr22	19411975	000000110	000000111
chr22	19414857	000000110	000000111
chr22	19443910	000000110	000000111
chr22	19454876	000000110	000000111
chr22	19498004	000000110	000000111
chr22	19583580	000000110	000000111
chr22	19669211	000000110	000000111
chr22	19685151	000000110	000000111
chr22	19754732	000000110	000000111
chr22	19804787	000000110	000000111
chr22	19867984	000000110	000000111
chr22	19905330	000000110	000000111
chr22	19958962	000000110	000000111
chr22	20787942	000000110	000000111
chr22	20800842	000000110	000000111
chr22	20903255	000000110	000000111
chr22	20911780	000000110	000000111
chr22	20997423	000000110	000000111
chr22	21834461	000000110	000000111
chr22	22219825	000000110	000000111
chr22	22334500	000000110	000000111
chr22	22360334	000000110	000000111
chr22	22589001	000000110	000000111
chr22	22589658	000000110	000000111
chr22	22870215	000000110	000000111
chr22	23021108	000000110	000000111
chr22	23197439	000000110	000000111
chr22	23266044	000000110	000000111
chr22	23479252	000000110	000000111
chr22	23559937	000000110	000000111
chr22	23597785	000000110	000000111
chr22	23769914	000000110	000000111
chr22	24014847	000000110	000000111
chr22	24031157	000000110	000000111
chr22	24350146	000000110	000000111
chr22	24370441	000000110	000000111
chr22	24374132	000000110	000000111
chr22	24382177	000000110	000000111
chr22	24501768	000000110	000000111
chr22	24506744	000000110	000000111
chr22	24580466	000000110	000000111
chr22	24863165	000000110	000000111
chr22	24874820	000000110	000000111
chr22	25202956	000000110	000000111
chr22	25431885	000000110	000000111
chr22	25487491	000000110	000000111
chr22	25592506	000000110	000000111
chr22	25622439	000000110	000000111
chr22	25624979	000000110	000000111
chr22	25644485	000000110	000000111
chr22	25686615	000000110	000000111
chr22	25953179	000000110	000000111
chr22	26233747	000000110	000000111
chr22	26276018	000000110	000000111
chr22	26276528	000000110	000000111
chr22	26389738	000000110	000000111
chr22	26429128	000000110	000000111
chr22	26472244	000000110	000000111
chr22	26549828	000000110	000000111
chr22	26552211	000000110	000000111
chr22	26912176	000000110	000000111
chr22	26955341	000000110	000000111
chr22	27207713	000000110	000000111
chr22	27520288	000000110	000000111
chr22	27615435	000000110	000000111
chr22	27723998	000000110	000000111
chr22	27748193	000000110	000000111
chr22	27878488	000000110	000000111
chr22	27889961	000000110	000000111
chr22	27916623	000000110	000000111
chr22	28094303	000000110	000000111
chr22	28108759	000000110	000000111
chr22	28196056	000000110	000000111
chr22	28228846	000000110	000000111
chr22	28438270	000000110	000000111
chr22	28462507	000000110	000000111
chr22	28794963	000000110	000000111
chr22	28903855	000000110	000000111
chr22	28924272	000000110	000000111
chr22	29043807	000000110	000000111
chr22	29107308	000000110	000000111
chr22	29132046	000000110	000000111
chr22	29359143	000000110	000000111
chr22	29425992	000000110	000000111
chr22	29454209	000000110	000000111
chr22	29583836	000000110	000000111
chr22	29651958	000000110	000000111
chr22	29668216	000000110	000000111
chr22	29768357	000000110	000000111
chr22	29957194	000000110	000000111
chr22	30085975	000000110	000000111
chr22	30235958	000000110	000000111
chr22	30368332	000000110	000000111
chr22	30606760	000000110	000000111
chr22	30609929	000000110	000000111
chr22	30629581	000000110	000000111
chr22	30792421	000000110	000000111
chr22	30866136	000000110	000000111
chr22	31125958	000000110	000000111
chr22	31438154	000000110	000000111
chr22	31504753	000000110	000000111
chr22	31527531	000000110	000000111
chr22	31765133	000000110	000000111
chr22	31864295	000000110	000000111
chr22	31937089	000000110	000000111
chr22	32234016	000000110	000000111
chr22	32389986	000000110	000000111
chr22	32494467	000000110	000000111
chr22	32798924	000000110	000000111
chr22	32917458	000000110	000000111
chr22	32972334	000000110	000000111
chr22	32998530	000000110	000000111
chr22	33490027	000000110	000000111
chr22	33978823	000000110	000000111
chr22	34432291	000000110	000000111
chr22	34568764	000000110	000000111
chr22	34607362	000000110	000000111
chr22	34639515	000000110	000000111
chr22	34648984	000000110	000000111
chr22	34801809	000000110	000000111
chr22	35224531	000000110	000000111
chr22	35455728	000000110	000000111
chr22	35458915	000000110	000000111
chr22	35505205	000000110	000000111
chr22	35509815	000000110	000000111
chr22	35645161	000000110	000000111
chr22	35684353	000000110	000000111
chr22	35739951	000000110	000000111
chr22	36229804	000000110	000000111
chr22	36306866	000000110	000000111
chr22	36342346	000000110	000000111
chr22	36588030	000000110	000000111
chr22	36635999	000000110	000000111
chr22	36809062	000000110	000000111
chr22	37013680	000000110	000000111
chr22	37102532	000000110	000000111
chr22	37247702	000000110	000000111
chr22	37256498	000000110	000000111
chr22	37308165	000000110	000000111
chr22	37311117	000000110	000000111
chr22	37517389	000000110	000000111
chr22	37619719	000000110	000000111
chr22	37666130	000000110	000000111
chr22	37672498	000000110	000000111
chr22	37717744	000000110	000000111
chr22	37722920	000000110	000000111
chr22	37769690	000000110	000000111
chr22	37915463	000000110	000000111
chr22	37956255	000000110	000000111
chr22	37962442	000000110	000000111
chr22	37995514	000000110	000000111
chr22	38021995	000000110	000000111
chr22	38045927	000000110	000000111
chr22	38116472	000000110	000000111
chr22	38181758	000000110	000000111
chr22	38679917	000000110	000000111
chr22	38705516	000000110	000000111
chr22	38746687	000000110	000000111
chr22	39160384	000000110	000000111
chr22	39219179	000000110	000000111
chr22	39246737	000000110	000000111
chr22	39429636	000000110	000000111
chr22	39438277	000000110	000000111
chr22	39675617	000000110	000000111
chr22	39682042	000000110	000000111
chr22	39790823	000000110	000000111
chr22	39873942	000000110	000000111
chr22	40263021	000000110	000000111
chr22	40494962	000000110	000000111
chr22	40507465	000000110	000000111
chr22	40608103	000000110	000000111
chr22	40659934	000000110	000000111
chr22	40701351	000000110	000000111
chr22	40752132	000000110	000000111
chr22	40935248	000000110	000000111
chr22	41283305	000000110	000000111
chr22	41419564	000000110	000000111
chr22	41499369	000000110	000000111
chr22	41658617	000000110	000000111
chr22	41725850	000000110	000000111
chr22	41728619	000000110	000000111
chr22	42128148	000000110	000000111
chr22	42349948	000000110	000000111
chr22	42754018	000000110	000000111
chr22	42822849	000000110	000000111
chr22	42915312	000000110	000000111
chr22	42920079	000000110	000000111
chr22	42999756	000000110	000000111
chr22	43042980	000000110	000000111
chr22	43155738	000000110	000000111
chr22	43191471	000000110	000000111
chr22	43245542	000000110	000000111
chr22	43317296	000000110	000000111
chr22	43451568	000000110	000000111
chr22	43523393	000000110	000000111
chr22	43547117	000000110	000000111
chr22	43581512	000000110	000000111
chr22	43921142	000000110	000000111
chr22	43986845	000000110	000000111
chr22	44276415	000000110	000000111
chr22	44570359	000000110	000000111
chr22	44724343	000000110	000000111
chr22	44890998	000000110	000000111
chr22	44948550	000000110	000000111
chr22	44969039	000000110	000000111
chr22	45024878	000000110	000000111
chr22	45164948	000000110	000000111
chr22	45229561	000000110	000000111
chr22	45485919	000000110	000000111
chr22	45538835	000000110	000000111
chr22	45622630	000000110	000000111
chr22	45781969	000000110	000000111
chr22	45856271	000000110	000000111
chr22	45991562	000000110	000000111
chr22	46029655	000000110	000000111
chr22	46056608	000000110	000000111
chr22	46267630	000000110	000000111
chr22	46612981	000000110	000000111
chr22	46870246	000000110	000000111
chr22	46880175	000000110	000000111
chr22	47019676	000000110	000000111
chr22	47102466	000000110	000000111
chr22	47208061	000000110	000000111
chr22	47359177	000000110	000000111
chr22	47711923	000000110	000000111
chr22	47941343	000000110	000000111
chr22	48090317	000000110	000000111
chr22	48268052	000000110	000000111
chr22	48293707	000000110	000000111
chr22	48409804	000000110	000000111
chr22	48424878	000000110	000000111
chr22	48499455	000000110	000000111
chr22	48655258	000000110	000000111
chr22	48674481	000000110	000000111
chr22	48735813	000000110	000000111
chr22	48922255	000000110	000000111
chr22	48998343	000000110	000000111
chr22	49154606	000000110	000000111
chr22	49373259	000000110	000000111
chr22	49471022	000000110	000000111
chr22	49471821	000000110	000000111
chr22	49494848	000000110	000000111
chr22	49567641	000000110	000000111
chr22	49615993	000000110	000000111
chr22	49696855	000000110	000000111
chr22	49989743	000000110	000000111
chr22	50153259	000000110	000000111
chr22	50172244	000000110	000000111
chr22	50173499	000000110	000000111
chr22	50432741	000000110	000000111
chr22	50519060	000000110	000000111
chr22	50520897	000000110	000000111
chr22	50591395	000000110	000000111
chr22	50599725	000000110	000000111
chr22	50801047	000000110	000000111
chr22	50826272	000000110	000000111
chr22	16566059	000000110	000000110
chr22	19509984	000000110	000000110
chr22	19674907	000000110	000000110
chr22	20186403	000000110	000000110
chr22	20792246	000000110	000000110
chr22	22711675	000000110	000000110
chr22	23747643	000000110	000000110
chr22	24381753	000000110	000000110
chr22	27848039	000000110	000000110
chr22	31808988	000000110	000000110
chr22	34360444	000000110	000000110
chr22	34441637	000000110	000000110
chr22	37951098	000000110	000000110
chr22	41333702	000000110	000000110
chr22	45848050	000000110	000000110
chr22	46953915	000000110	000000110
-----
chr22	17163849	000000010	000000011
chr22	17426148	000000010	000000011
chr22	17698782	000000010	000000011
chr22	17976438	000000010	000000011
chr22	18082278	000000010	000000011
chr22	18558868	000000010	000000011
chr22	19046501	000000010	000000011
chr22	19821903	000000010	000000011
chr22	21799582	000000010	000000011
chr22	21941936	000000010	000000011
chr22	21960955	000000010	000000011
chr22	21990379	000000010	000000011
chr22	22119881	000000010	000000011
chr22	22474096	000000010	000000011
chr22	22732375	000000010	000000011
chr22	22754557	000000010	000000011
chr22	22890273	000000010	000000011
chr22	22902825	000000010	000000011
chr22	22973801	000000010	000000011
chr22	23080706	000000010	000000011
chr22	23102952	000000010	000000011
chr22	23180425	000000010	000000011
chr22	23433954	000000010	000000011
chr22	23864939	000000010	000000011
chr22	23944151	000000010	000000011
chr22	24206451	000000010	000000011
chr22	24526446	000000010	000000011
chr22	24790374	000000010	000000011
chr22	24805710	000000010	000000011
chr22	25205350	000000010	000000011
chr22	25414038	000000010	000000011
chr22	25597689	000000010	000000011
chr22	25718187	000000010	000000011
chr22	25732929	000000010	000000011
chr22	25733752	000000010	000000011
chr22	25941176	000000010	000000011
chr22	26428284	000000010	000000011
chr22	26576226	000000010	000000011
chr22	26695278	000000010	000000011
chr22	26737700	000000010	000000011
chr22	26911260	000000010	000000011
chr22	26992349	000000010	000000011
chr22	27290414	000000010	000000011
chr22	27550216	000000010	000000011
chr22	27648781	000000010	000000011
chr22	27965846	000000010	000000011
chr22	28178902	000000010	000000011
chr22	28352971	000000010	000000011
chr22	28578856	000000010	000000011
chr22	28680386	000000010	000000011
chr22	28770353	000000010	000000011
chr22	28981005	000000010	000000011
chr22	28998215	000000010	000000011
chr22	29281090	000000010	000000011
chr22	29365732	000000010	000000011
chr22	29854767	000000010	000000011
chr22	29991315	000000010	000000011
chr22	30288434	000000010	000000011
chr22	30294804	000000010	000000011
chr22	30679961	000000010	000000011
chr22	30887110	000000010	000000011
chr22	32233687	000000010	000000011
chr22	32252736	000000010	000000011
chr22	32284574	000000010	000000011
chr22	32294317	000000010	000000011
chr22	32544644	000000010	000000011
chr22	33154050	000000010	000000011
chr22	33388264	000000010	000000011
chr22	33541304	000000010	000000011
chr22	33861361	000000010	000000011
chr22	34215499	000000010	000000011
chr22	34532660	000000010	000000011
chr22	34602466	000000010	000000011
chr22	35370792	000000010	000000011
chr22	35434689	000000010	000000011
chr22	35551039	000000010	000000011
chr22	35660306	000000010	000000011
chr22	36033868	000000010	000000011
chr22	36217779	000000010	000000011
chr22	36506949	000000010	000000011
chr22	36878366	000000010	000000011
chr22	36913025	000000010	000000011
chr22	37248286	000000010	000000011
chr22	37322950	000000010	000000011
chr22	37691968	000000010	000000011
chr22	37768616	000000010	000000011
chr22	38156195	000000010	000000011
chr22	38334304	000000010	000000011
chr22	38715282	000000010	000000011
chr22	38774531	000000010	000000011
chr22	38888536	000000010	000000011
chr22	38945167	000000010	000000011
chr22	40102359	000000010	000000011
chr22	40156510	000000010	000000011
chr22	40616099	000000010	000000011
chr22	40852413	000000010	000000011
chr22	40891000	000000010	000000011
chr22	41471563	000000010	000000011
chr22	41824493	000000010	000000011
chr22	42421231	000000010	000000011
chr22	42431242	000000010	000000011
chr22	42540487	000000010	000000011
chr22	42634651	000000010	000000011
chr22	42666524	000000010	000000011
chr22	42797063	000000010	000000011
chr22	43065868	000000010	000000011
chr22	43503784	000000010	000000011
chr22	43597710	000000010	000000011
chr22	43724724	000000010	000000011
chr22	43759379	000000010	000000011
chr22	44074138	000000010	000000011
chr22	44193342	000000010	000000011
chr22	44307104	000000010	000000011
chr22	44400579	000000010	000000011
chr22	44466907	000000010	000000011
chr22	44713888	000000010	000000011
chr22	45669850	000000010	000000011
chr22	46391949	000000010	000000011
chr22	46424011	000000010	000000011
chr22	46472431	000000010	000000011
chr22	46524372	000000010	000000011
chr22	47303004	000000010	000000011
chr22	47523084	000000010	000000011
chr22	47607863	000000010	000000011
chr22	47657692	000000010	000000011
chr22	47840513	000000010	000000011
chr22	48097608	000000010	000000011
chr22	48302929	000000010	000000011
chr22	48544334	000000010	000000011
chr22	48773549	000000010	000000011
chr22	49199507	000000010	000000011
chr22	49381495	000000010	000000011
chr22	49817365	000000010	000000011
chr22	49927960	000000010	000000011
chr22	50519874	000000010	000000011
chr22	50633972	000000010	000000011
chr22	51118604	000000010	000000011
chr22	51126042	000000010	000000011
chr22	19206880	000000010	000000010
chr22	20746830	000000010	000000010
chr22	34815396	000000010	000000010
chr22	39387080	000000010	000000010
chr22	40465083	000000010	000000010
chr22	45404846	000000010	000000010
