
-----
chr22	17326850	001111110	001111111
chr22	17374133	001111110	001111111
chr22	17506950	001111110	001111111
chr22	17533985	001111110	001111111
chr22	19498027	001111110	001111111
chr22	19787784	001111110	001111111
chr22	20085639	001111110	001111111
chr22	20128464	001111110	001111111
chr22	20430290	001111110	001111111
chr22	20755151	001111110	001111111
chr22	21463772	001111110	001111111
chr22	21928438	001111110	001111111
chr22	21935965	001111110	001111111
chr22	22688299	001111110	001111111
chr22	23092487	001111110	001111111
chr22	23355482	001111110	001111111
chr22	23637923	001111110	001111111
chr22	24179779	001111110	001111111
chr22	24372895	001111110	001111111
chr22	24689316	001111110	001111111
chr22	24706999	001111110	001111111
chr22	25469686	001111110	001111111
chr22	25628778	001111110	001111111
chr22	25881799	001111110	001111111
chr22	26043598	001111110	001111111
chr22	26473867	001111110	001111111
chr22	27742241	001111110	001111111
chr22	27826664	001111110	001111111
chr22	27942350	001111110	001111111
chr22	28760447	001111110	001111111
chr22	29312662	001111110	001111111
chr22	31370598	001111110	001111111
chr22	31455344	001111110	001111111
chr22	31958663	001111110	001111111
chr22	32123399	001111110	001111111
chr22	33074370	001111110	001111111
chr22	33668707	001111110	001111111
chr22	34707048	001111110	001111111
chr22	35684576	001111110	001111111
chr22	35807117	001111110	001111111
chr22	36243332	001111110	001111111
chr22	36478068	001111110	001111111
chr22	36778198	001111110	001111111
chr22	36853785	001111110	001111111
chr22	37224876	001111110	001111111
chr22	37308064	001111110	001111111
chr22	37498905	001111110	001111111
chr22	37733290	001111110	001111111
chr22	37922167	001111110	001111111
chr22	38170058	001111110	001111111
chr22	38735638	001111110	001111111
chr22	38921337	001111110	001111111
chr22	39068035	001111110	001111111
chr22	39247892	001111110	001111111
chr22	39321442	001111110	001111111
chr22	39559372	001111110	001111111
chr22	40494010	001111110	001111111
chr22	40678348	001111110	001111111
chr22	41529752	001111110	001111111
chr22	41575257	001111110	001111111
chr22	42017322	001111110	001111111
chr22	42891236	001111110	001111111
chr22	43193724	001111110	001111111
chr22	44613474	001111110	001111111
chr22	45239672	001111110	001111111
chr22	46066813	001111110	001111111
chr22	46087125	001111110	001111111
chr22	46134876	001111110	001111111
chr22	46280223	001111110	001111111
chr22	46576539	001111110	001111111
chr22	46670554	001111110	001111111
chr22	46799345	001111110	001111111
chr22	47794178	001111110	001111111
chr22	48050684	001111110	001111111
chr22	48573628	001111110	001111111
chr22	49541549	001111110	001111111
chr22	49881766	001111110	001111111
chr22	50304076	001111110	001111111
chr22	51154657	001111110	001111111
chr22	51174294	001111110	001111111
chr22	22315769	001111110	001111110
chr22	27667354	001111110	001111110
chr22	35004908	001111110	001111110
chr22	43084547	001111110	001111110
chr22	50704317	001111110	001111110
