-----
Chromosome	Location	Original Code	New Code
-----
chr22	18400786	001110101	001111111
chr22	25336642	010100000	010100000
chr22	42563529	001110100	001110100
chr22	19947359	101000001	101000001
chr22	19947360	101000001	101000001
chr22	19947361	101000000	101000000
chr22	51217640	001001111	001111111
chr22	16893612	101111111	111111111
chr22	16893613	101111111	111111111
chr22	16990392	101111111	111111111
chr22	20490447	101111111	111111111
chr22	20501608	101111111	111111111
chr22	22621299	101111111	111111111
chr22	22621318	101111111	111111111
chr22	22621322	101111111	111111111
chr22	24652371	101111111	111111111
chr22	25016442	101111111	111111111
chr22	48875229	101111111	111111111
chr22	16491206	101111111	101111111
chr22	20490201	101111111	101111111
chr22	18843741	101111110	111111111
chr22	44509392	101111110	111111111
chr22	16099957	000110010	000110010
chr22	45280551	000110010	000110010
chr22	21063672	110001101	110001101
chr22	37822401	001000100	001000100
chr22	17374498	010111111	010111111
chr22	49122311	010111110	111111111
chr22	25016121	110011110	111111111
chr22	16695096	010000110	010000110
chr22	17374102	110011101	110011101
chr22	16363763	000001001	000001001
chr22	31808988	000001001	000001001
chr22	44300841	000001001	000001001
chr22	44449637	000011111	001111111
chr22	16199974	000110001	001110001
chr22	22023349	000110001	001110001
chr22	28456381	000110001	001110001
chr22	31173258	000110001	001110001
chr22	32120234	000110001	001110001
chr22	34899896	000110001	001110001
chr22	40960311	000110001	001110001
chr22	41128496	000110001	001110001
chr22	41273155	000110001	001110001
chr22	42783190	000110001	001110001
chr22	44991603	000110001	001110001
chr22	48255701	000110001	001110001
chr22	49999016	000110001	001110001
chr22	51220848	011110111	111111111
chr22	34955296	011110111	011110111
chr22	18748118	110111000	110111000
chr22	18823741	011011111	111111111
chr22	45253831	011011111	111111111
chr22	21571677	110111100	110111100
chr22	46271735	001110110	001111111
chr22	17642460	001010000	001110000
chr22	17653532	001010000	001110000
chr22	17998063	001010000	001110000
chr22	18190116	001010000	001110000
chr22	18553720	001010000	001110000
chr22	19777978	001010000	001110000
chr22	19801574	001010000	001110000
chr22	19889122	001010000	001110000
chr22	19935758	001010000	001110000
chr22	20746727	001010000	001110000
chr22	21353063	001010000	001110000
chr22	21402248	001010000	001110000
chr22	22458198	001010000	001110000
chr22	23055185	001010000	001110000
chr22	23181517	001010000	001110000
chr22	23326746	001010000	001110000
chr22	23989020	001010000	001110000
chr22	24245245	001010000	001110000
chr22	24257241	001010000	001110000
chr22	24527589	001010000	001110000
chr22	24537914	001010000	001110000
chr22	24890337	001010000	001110000
chr22	24910678	001010000	001110000
chr22	24983145	001010000	001110000
chr22	25053104	001010000	001110000
chr22	25127694	001010000	001110000
chr22	25267996	001010000	001110000
chr22	25585500	001010000	001110000
chr22	26016595	001010000	001110000
chr22	26422471	001010000	001110000
chr22	26911260	001010000	001110000
chr22	26992349	001010000	001110000
chr22	27164502	001010000	001110000
chr22	27270848	001010000	001110000
chr22	27540107	001010000	001110000
chr22	28290341	001010000	001110000
chr22	28441397	001010000	001110000
chr22	28451795	001010000	001110000
chr22	28507395	001010000	001110000
chr22	28759324	001010000	001110000
chr22	29034693	001010000	001110000
chr22	29365732	001010000	001110000
chr22	29541600	001010000	001110000
chr22	29579857	001010000	001110000
chr22	29725768	001010000	001110000
chr22	29965736	001010000	001110000
chr22	29966463	001010000	001110000
chr22	30048609	001010000	001110000
chr22	30655730	001010000	001110000
chr22	31250974	001010000	001110000
chr22	31362868	001010000	001110000
chr22	32154169	001010000	001110000
chr22	32440120	001010000	001110000
chr22	32755717	001010000	001110000
chr22	32797166	001010000	001110000
chr22	33024898	001010000	001110000
chr22	33590735	001010000	001110000
chr22	33883533	001010000	001110000
chr22	33997852	001010000	001110000
chr22	34539826	001010000	001110000
chr22	34583684	001010000	001110000
chr22	34822543	001010000	001110000
chr22	34994433	001010000	001110000
chr22	35251827	001010000	001110000
chr22	35400839	001010000	001110000
chr22	35922075	001010000	001110000
chr22	35951437	001010000	001110000
chr22	36393362	001010000	001110000
chr22	36626281	001010000	001110000
chr22	36853486	001010000	001110000
chr22	37885782	001010000	001110000
chr22	38149959	001010000	001110000
chr22	38421195	001010000	001110000
chr22	38774531	001010000	001110000
chr22	38953347	001010000	001110000
chr22	39324323	001010000	001110000
chr22	39333083	001010000	001110000
chr22	39941112	001010000	001110000
chr22	39956854	001010000	001110000
chr22	40177509	001010000	001110000
chr22	40860577	001010000	001110000
chr22	41120349	001010000	001110000
chr22	41312073	001010000	001110000
chr22	41331887	001010000	001110000
chr22	41336755	001010000	001110000
chr22	41421164	001010000	001110000
chr22	41429315	001010000	001110000
chr22	41943905	001010000	001110000
chr22	42450555	001010000	001110000
chr22	42458728	001010000	001110000
chr22	42987961	001010000	001110000
chr22	43074067	001010000	001110000
chr22	43188116	001010000	001110000
chr22	43551411	001010000	001110000
chr22	43766201	001010000	001110000
chr22	43898432	001010000	001110000
chr22	44312179	001010000	001110000
chr22	44343870	001010000	001110000
chr22	44354986	001010000	001110000
chr22	44386457	001010000	001110000
chr22	44462271	001010000	001110000
chr22	44675006	001010000	001110000
chr22	44832703	001010000	001110000
chr22	45027068	001010000	001110000
chr22	45490389	001010000	001110000
chr22	47044768	001010000	001110000
chr22	47081487	001010000	001110000
chr22	49350853	001010000	001110000
chr22	49381495	001010000	001110000
chr22	49622735	001010000	001110000
chr22	49681531	001010000	001110000
chr22	49990754	001010000	001110000
chr22	50133376	001010000	001110000
chr22	50581089	001010000	001110000
chr22	50893273	001010000	001110000
chr22	43179914	001010000	001010000
chr22	48745736	001010000	001010000
chr22	18111390	001110111	001111111
chr22	18279249	001110111	001111111
chr22	22345834	001110111	001111111
chr22	23089368	001110111	001111111
chr22	23749594	001110111	001111111
chr22	23826004	001110111	001111111
chr22	27530645	001110111	001111111
chr22	28757516	001110111	001111111
chr22	28831811	001110111	001111111
chr22	30049040	001110111	001111111
chr22	32125403	001110111	001111111
chr22	35807117	001110111	001111111
chr22	39203321	001110111	001111111
chr22	39239713	001110111	001111111
chr22	40582229	001110111	001111111
chr22	43193724	001110111	001111111
chr22	48020036	001110111	001111111
chr22	48727284	001110111	001111111
chr22	16400533	001010001	001110001
chr22	17739795	001010001	001110001
chr22	18412417	001010001	001110001
chr22	22651644	001010001	001110001
chr22	24872831	001010001	001110001
chr22	25362617	001010001	001110001
chr22	26015254	001010001	001110001
chr22	26846598	001010001	001110001
chr22	28985031	001010001	001110001
chr22	30364390	001010001	001110001
chr22	31551554	001010001	001110001
chr22	37092180	001010001	001110001
chr22	42604267	001010001	001110001
chr22	43931304	001010001	001110001
chr22	44608055	001010001	001110001
chr22	50572810	001010001	001110001
chr22	18655607	101101110	111111111
chr22	36131201	111011011	111011011
chr22	26470731	001001101	001111111
chr22	22399800	001100001	001110001
chr22	30025305	001100001	001110001
chr22	31827956	001100001	001110001
chr22	35397996	001100001	001110001
chr22	39892623	001100001	001110001
chr22	44172690	001100001	001110001
chr22	44598857	001100001	001110001
chr22	44671782	001100001	001110001
chr22	45069944	001100001	001110001
chr22	50620331	001100001	001110001
chr22	34987255	000010001	001110001
chr22	35750055	000010001	001110001
chr22	39715721	000010001	001110001
chr22	42437945	000010001	001110001
chr22	16302297	111001101	111111111
chr22	19684423	111001101	111001101
chr22	45724050	111001100	111001100
chr22	18769970	101010010	101010010
chr22	25360469	000000011	000000011
chr22	25855890	000000011	000000011
chr22	27195437	000000011	000000011
chr22	32527132	000000011	000000011
chr22	36470820	000000011	000000011
chr22	37117717	000000011	000000011
chr22	41325560	000000011	000000011
chr22	44839643	000000011	000000011
chr22	44882849	000000011	000000011
chr22	48070389	000000011	000000011
chr22	48498269	000000011	000000011
chr22	19947346	101010011	101010011
chr22	18823772	000011011	000011011
chr22	33661440	000110111	001111111
chr22	37685214	000110111	001111111
chr22	16990407	101101101	111111111
chr22	16507651	100001111	100001111
chr22	18444161	000000111	000000111
chr22	18534597	000000111	000000111
chr22	18589368	000000111	000000111
chr22	19411975	000000111	000000111
chr22	19443910	000000111	000000111
chr22	19498004	000000111	000000111
chr22	20715560	000000111	000000111
chr22	22852627	000000111	000000111
chr22	23422384	000000111	000000111
chr22	23933867	000000111	000000111
chr22	24966720	000000111	000000111
chr22	24995490	000000111	000000111
chr22	26251407	000000111	000000111
chr22	27878488	000000111	000000111
chr22	28036974	000000111	000000111
chr22	28217903	000000111	000000111
chr22	28450313	000000111	000000111
chr22	28691498	000000111	000000111
chr22	29450898	000000111	000000111
chr22	30450592	000000111	000000111
chr22	31414134	000000111	000000111
chr22	31673388	000000111	000000111
chr22	31893555	000000111	000000111
chr22	32469895	000000111	000000111
chr22	34745109	000000111	000000111
chr22	36569660	000000111	000000111
chr22	37102532	000000111	000000111
chr22	37225761	000000111	000000111
chr22	37951098	000000111	000000111
chr22	39001012	000000111	000000111
chr22	39782672	000000111	000000111
chr22	40486804	000000111	000000111
chr22	40779021	000000111	000000111
chr22	42480291	000000111	000000111
chr22	44227031	000000111	000000111
chr22	45037406	000000111	000000111
chr22	45082049	000000111	000000111
chr22	45275623	000000111	000000111
chr22	45301400	000000111	000000111
chr22	46338297	000000111	000000111
chr22	46723416	000000111	000000111
chr22	46987941	000000111	000000111
chr22	47880220	000000111	000000111
chr22	48231074	000000111	000000111
chr22	48885800	000000111	000000111
chr22	49276658	000000111	000000111
chr22	50794537	000000111	000000111
chr22	50912723	000000111	000000111
chr22	51056345	000000111	000000111
chr22	36023046	001010111	001111111
chr22	42009196	001101001	001111111
chr22	20298220	111011010	111111111
chr22	38781082	111011010	111011010
chr22	24692619	110101111	111111111
chr22	20346278	111110011	111111111
chr22	17373956	111101000	111101000
chr22	18805864	100100000	100100000
chr22	20486571	100100000	100100000
chr22	45150253	100100000	100100000
chr22	16990420	101101111	111111111
chr22	34536324	001001000	001001000
chr22	16171115	001101111	001111111
chr22	19523077	001101111	001111111
chr22	20074211	001101111	001111111
chr22	20652065	001101111	001111111
chr22	21044484	001101111	001111111
chr22	37650901	001101111	001111111
chr22	48735788	001101111	001111111
chr22	48648081	011110011	111111111
chr22	16364923	011111111	111111111
chr22	16387795	011111111	111111111
chr22	16538427	011111111	111111111
chr22	16647946	011111111	111111111
chr22	16898206	011111111	111111111
chr22	20320655	011111111	111111111
chr22	20322149	011111111	111111111
chr22	21639323	011111111	111111111
chr22	23669878	011111111	111111111
chr22	35074887	011111111	111111111
chr22	35887883	011111111	111111111
chr22	35887884	011111111	111111111
chr22	37685739	011111111	111111111
chr22	38188195	011111111	111111111
chr22	51118478	011111111	111111111
chr22	51121104	110111101	111111111
chr22	19022175	011101101	111111111
chr22	17628021	011110010	011110010
chr22	43030870	011111110	111111111
chr22	16104668	111111011	111111111
chr22	16288255	111111011	111111111
chr22	16345549	111111011	111111111
chr22	16913399	111111011	111111111
chr22	16953044	111111011	111111111
chr22	18775018	111111011	111111111
chr22	18791458	111111011	111111111
chr22	18802480	111111011	111111111
chr22	21531227	111111011	111111111
chr22	23247290	111111011	111111111
chr22	25663036	111111011	111111111
chr22	25697952	111111011	111111111
chr22	34951545	111111011	111111111
chr22	51121192	111111011	111111111
chr22	18840863	111111011	111111011
chr22	25902672	111111011	111111011
chr22	25071320	111111010	111111111
chr22	16655722	010101011	010101011T
chr22	16406130	001000110	001000110
chr22	18798951	011010001	011010001
chr22	21932818	001101011	001111111
chr22	16250790	101111101	111111111
chr22	16250862	101111101	111111111
chr22	16325698	100010010	100010010
chr22	16113372	111111001	111111111
chr22	21505702	111111001	111111001
chr22	16098314	011111101	111111111
chr22	18787128	011111101	111111111
chr22	16164147	110111111	111111111
chr22	16210642	110111111	111111111
chr22	16898844	110111111	111111111
chr22	16902551	110111111	111111111
chr22	17030614	110111111	111111111
chr22	17379352	110111111	111111111
chr22	17499030	110111111	111111111
chr22	18950714	110111111	111111111
chr22	18950722	110111111	111111111
chr22	20320229	110111111	111111111
chr22	21494149	110111111	111111111
chr22	21635607	110111111	111111111
chr22	21680702	110111111	111111111
chr22	21819437	110111111	111111111
chr22	24651963	110111111	111111111
chr22	25642250	110111111	111111111
chr22	25919703	110111111	111111111
chr22	30153930	110111111	111111111
chr22	39389445	110111111	111111111
chr22	47293813	110111111	111111111
chr22	49016543	110111111	111111111
chr22	49074885	110111111	111111111
chr22	51194679	110111111	111111111
chr22	20650506	110111111	110111111
chr22	21725733	110111111	110111111
chr22	22665278	110111111	110111111
chr22	16364901	011001111	111111111
chr22	45724132	011001111	111111111
chr22	49074977	011111000	011111000
chr22	47000916	010011110	010011110
chr22	16083573	110110111	111111111
chr22	24014014	110110111	111111111
chr22	20491664	110110111	110110111
chr22	17050777	011111100	111111111
chr22	17503898	000001100	000001110
chr22	18071611	000001100	000001110
chr22	19405540	000001100	000001110
chr22	20796710	000001100	000001110
chr22	22623018	000001100	000001110
chr22	23941050	000001100	000001110
chr22	23962495	000001100	000001110
chr22	24382177	000001100	000001110
chr22	26226225	000001100	000001110
chr22	27454356	000001100	000001110
chr22	28459573	000001100	000001110
chr22	28606745	000001100	000001110
chr22	29104373	000001100	000001110
chr22	30001859	000001100	000001110
chr22	30082988	000001100	000001110
chr22	30256855	000001100	000001110
chr22	31016769	000001100	000001110
chr22	31019544	000001100	000001110
chr22	32204090	000001100	000001110
chr22	32233071	000001100	000001110
chr22	32240002	000001100	000001110
chr22	32487537	000001100	000001110
chr22	33482749	000001100	000001110
chr22	33648958	000001100	000001110
chr22	34632365	000001100	000001110
chr22	35502608	000001100	000001110
chr22	36952221	000001100	000001110
chr22	37617257	000001100	000001110
chr22	38697346	000001100	000001110
chr22	39996717	000001100	000001110
chr22	40380937	000001100	000001110
chr22	40494962	000001100	000001110
chr22	40499306	000001100	000001110
chr22	43270443	000001100	000001110
chr22	43758119	000001100	000001110
chr22	44251294	000001100	000001110
chr22	44509903	000001100	000001110
chr22	44716199	000001100	000001110
chr22	46318051	000001100	000001110
chr22	46393069	000001100	000001110
chr22	48050585	000001100	000001110
chr22	48279497	000001100	000001110
chr22	48364092	000001100	000001110
chr22	48499455	000001100	000001110
chr22	48913752	000001100	000001110
chr22	49058738	000001100	000001110
chr22	49199444	000001100	000001110
chr22	50066435	101011101	101011101
chr22	39037979	100101000	100101000
chr22	16384689	100101111	111111111
chr22	51123920	110000100	110000100
chr22	21718264	110100000	110100000
chr22	21071059	000101000	000101000
chr22	49122409	101010110	101010110
chr22	49132199	101010110	101010110
chr22	21665168	101010111	101010111
chr22	22979131	101010111	101010111
chr22	50467481	111000111	111111111
chr22	17373889	111000111	111000111
chr22	27492944	000100001	000100001
chr22	21665308	100111111	111111111
chr22	19947347	101011111	111111111
chr22	20354187	101011111	111111111
chr22	20706869	101011111	111111111
chr22	20322773	101011111	101011111
chr22	16236958	111101110	111111111
chr22	49074950	111101110	111111111
chr22	49074954	111101110	111111111
chr22	50467610	111101110	111101110
chr22	16205497	110100111	111111111
chr22	16346070	111101111	111111111
chr22	16347827	111101111	111111111
chr22	16912385	111101111	111111111
chr22	18780549	111101111	111111111
chr22	20320242	111101111	111111111
chr22	21050417	111101111	111111111
chr22	21050418	111101111	111111111
chr22	21569167	111101111	111111111
chr22	21600238	111101111	111111111
chr22	21683708	111101111	111111111
chr22	23248839	111101111	111111111
chr22	25043619	111101111	111111111
chr22	25912968	111101111	111111111
chr22	47000761	111101111	111111111
chr22	47000776	111101111	111111111
chr22	49258245	111101111	111111111
chr22	16081115	111101111	111101111
chr22	20377592	111101111	111101111
chr22	21683717	111101111	111101111
chr22	47293811	001000010	001000010
chr22	24369345	100000010	100000010
chr22	21588911	110110001	110110001
chr22	48648660	100000001	100000001
chr22	20333953	001000001	001110001
chr22	25633900	001000001	001110001
chr22	32375854	001000001	001110001
chr22	46433578	001000001	001110001
chr22	51091050	001000001	001110001
chr22	25336718	001000001	001000001
chr22	38626051	110110011	111111111
chr22	18774367	111110101	111111111
chr22	22620837	111110101	111111111
chr22	17506456	111101101	111111111
chr22	21626227	111101101	111101101
chr22	16662102	100101100	100101100
chr22	16142365	111011111	111111111
chr22	16210881	111011111	111111111
chr22	16223418	111011111	111111111
chr22	16288739	111011111	111111111
chr22	16476596	111011111	111111111
chr22	16878305	111011111	111111111
chr22	19947341	111011111	111111111
chr22	21515683	111011111	111111111
chr22	21602657	111011111	111111111
chr22	25048768	111011111	111111111
chr22	26002137	111011111	111111111
chr22	28590275	111011111	111111111
chr22	36096577	111011111	111111111
chr22	45253872	111011111	111111111
chr22	16078893	111011111	111011111
chr22	16296580	111011111	111011111
chr22	20490194	111011111	111011111
chr22	50066487	111011111	111011111
chr22	16463039	111011100	111111111
chr22	35888210	111011110	111111111
chr22	24654059	111011110	111011110
chr22	48875260	111011101	111111111
chr22	25070472	011101111	011101111
chr22	26823464	111110000	111110000
chr22	18835298	000101010	000101010
chr22	17438169	000000101	000000101
chr22	19708253	000000101	000000101
chr22	21350334	000000101	000000101
chr22	28640425	000000101	000000101
chr22	30472027	000000101	000000101
chr22	31179063	000000101	000000101
chr22	36944036	000000101	000000101
chr22	37308165	000000101	000000101
chr22	37475897	000000101	000000101
chr22	38287760	000000101	000000101
chr22	40659934	000000101	000000101
chr22	43504708	000000101	000000101
chr22	44946660	000000101	000000101
chr22	21034703	001111110	001111111
chr22	25469686	001111110	001111111
chr22	26034340	001111110	001111111
chr22	36469882	001111110	001111111
chr22	41670694	001111110	001111111
chr22	46799345	001111110	001111111
chr22	51219721	001111110	001111111
chr22	50464834	000100010	000100010
chr22	32846128	010110010	010110010
chr22	25913027	010110111	111111111
chr22	23637923	000111011	001111111
chr22	39211500	000111011	001111111
chr22	43185526	000111011	001111111
chr22	18572472	011000100	011000100
chr22	17160988	001100000	001110000
chr22	17383346	001100000	001110000
chr22	17396442	001100000	001110000
chr22	17403038	001100000	001110000
chr22	18097132	001100000	001110000
chr22	18917110	001100000	001110000
chr22	19456590	001100000	001110000
chr22	19471194	001100000	001110000
chr22	20020156	001100000	001110000
chr22	20020256	001100000	001110000
chr22	20024851	001100000	001110000
chr22	20831575	001100000	001110000
chr22	21153960	001100000	001110000
chr22	22060698	001100000	001110000
chr22	22256749	001100000	001110000
chr22	22273886	001100000	001110000
chr22	22351566	001100000	001110000
chr22	22850764	001100000	001110000
chr22	22905964	001100000	001110000
chr22	22942004	001100000	001110000
chr22	23083833	001100000	001110000
chr22	23441804	001100000	001110000
chr22	23515258	001100000	001110000
chr22	24073946	001100000	001110000
chr22	24140211	001100000	001110000
chr22	24172328	001100000	001110000
chr22	24225269	001100000	001110000
chr22	24253898	001100000	001110000
chr22	24509728	001100000	001110000
chr22	25215204	001100000	001110000
chr22	25227060	001100000	001110000
chr22	25230217	001100000	001110000
chr22	25474218	001100000	001110000
chr22	25630759	001100000	001110000
chr22	25733752	001100000	001110000
chr22	26012098	001100000	001110000
chr22	26269589	001100000	001110000
chr22	26315483	001100000	001110000
chr22	26410747	001100000	001110000
chr22	26413890	001100000	001110000
chr22	26428284	001100000	001110000
chr22	26698410	001100000	001110000
chr22	28208394	001100000	001110000
chr22	28721857	001100000	001110000
chr22	29031762	001100000	001110000
chr22	29174905	001100000	001110000
chr22	29610001	001100000	001110000
chr22	29955443	001100000	001110000
chr22	30611250	001100000	001110000
chr22	30903877	001100000	001110000
chr22	30967040	001100000	001110000
chr22	31178086	001100000	001110000
chr22	31573154	001100000	001110000
chr22	31689917	001100000	001110000
chr22	32783931	001100000	001110000
chr22	32804113	001100000	001110000
chr22	33031892	001100000	001110000
chr22	34273451	001100000	001110000
chr22	34358983	001100000	001110000
chr22	34809877	001100000	001110000
chr22	34853166	001100000	001110000
chr22	35168330	001100000	001110000
chr22	35250626	001100000	001110000
chr22	35365316	001100000	001110000
chr22	35441899	001100000	001110000
chr22	36103528	001100000	001110000
chr22	36212513	001100000	001110000
chr22	36947324	001100000	001110000
chr22	37414862	001100000	001110000
chr22	37435647	001100000	001110000
chr22	37443799	001100000	001110000
chr22	37815657	001100000	001110000
chr22	38429365	001100000	001110000
chr22	38663534	001100000	001110000
chr22	38671710	001100000	001110000
chr22	39707560	001100000	001110000
chr22	39884464	001100000	001110000
chr22	40164585	001100000	001110000
chr22	40185662	001100000	001110000
chr22	40435209	001100000	001110000
chr22	40514387	001100000	001110000
chr22	40535297	001100000	001110000
chr22	40550082	001100000	001110000
chr22	40593858	001100000	001110000
chr22	40687004	001100000	001110000
chr22	40867890	001100000	001110000
chr22	40876056	001100000	001110000
chr22	41054781	001100000	001110000
chr22	41062921	001100000	001110000
chr22	41164025	001100000	001110000
chr22	41244144	001100000	001110000
chr22	41252998	001100000	001110000
chr22	41309586	001100000	001110000
chr22	41479380	001100000	001110000
chr22	41546111	001100000	001110000
chr22	41832614	001100000	001110000
chr22	42616075	001100000	001110000
chr22	42757739	001100000	001110000
chr22	42889192	001100000	001110000
chr22	43191496	001100000	001110000
chr22	43285557	001100000	001110000
chr22	43483957	001100000	001110000
chr22	43589057	001100000	001110000
chr22	43686396	001100000	001110000
chr22	43767543	001100000	001110000
chr22	43807536	001100000	001110000
chr22	43815696	001100000	001110000
chr22	44470451	001100000	001110000
chr22	44900757	001100000	001110000
chr22	45457339	001100000	001110000
chr22	46016168	001100000	001110000
chr22	46216564	001100000	001110000
chr22	46234009	001100000	001110000
chr22	46338722	001100000	001110000
chr22	46399332	001100000	001110000
chr22	46524372	001100000	001110000
chr22	46691611	001100000	001110000
chr22	47255283	001100000	001110000
chr22	47303004	001100000	001110000
chr22	47521104	001100000	001110000
chr22	47913542	001100000	001110000
chr22	48099258	001100000	001110000
chr22	48225329	001100000	001110000
chr22	48346994	001100000	001110000
chr22	48655423	001100000	001110000
chr22	48663910	001100000	001110000
chr22	48877770	001100000	001110000
chr22	49247364	001100000	001110000
chr22	49437595	001100000	001110000
chr22	49458522	001100000	001110000
chr22	49476030	001100000	001110000
chr22	49557980	001100000	001110000
chr22	49689796	001100000	001110000
chr22	49846048	001100000	001110000
chr22	50137021	001100000	001110000
chr22	50265567	001100000	001110000
chr22	49074978	011100000	011100000
chr22	18725820	101010000	101010000
chr22	16061992	111111101	111111111
chr22	16069000	111111101	111111111
chr22	16302337	111111101	111111111
chr22	16340551	111111101	111111111
chr22	16347165	111111101	111111111
chr22	16661659	111111101	111111111
chr22	16973063	111111101	111111111
chr22	17028148	111111101	111111111
chr22	21548497	111111101	111111111
chr22	21605678	111111101	111111111
chr22	23653555	111111101	111111111
chr22	24651349	111111101	111111111
chr22	47255448	111111101	111111111
chr22	49006383	111111101	111111111
chr22	49247229	111111101	111111111
chr22	50066469	111111101	111111111
chr22	51215028	111111101	111111111
chr22	51227891	111111101	111111111
chr22	17037230	111111101	111111101
chr22	18775424	111111101	111111101
chr22	20639022	111111101	111111101
chr22	21719813	111111101	111111101
chr22	21719815	111111101	111111101
chr22	16649937	111111100	111111111
chr22	20502333	111111100	111111111
chr22	24651330	111111100	111111111
chr22	16078974	000100111	001111111
chr22	43084547	000111101	001111111
chr22	17375584	001111010	001111111
chr22	28828883	001111010	001111111
chr22	48648663	100110001	100110001
chr22	19523045	001111011	001111111
chr22	22564016	001111011	001111111
chr22	23092487	001111011	001111111
chr22	23829116	001111011	001111111
chr22	27760078	001111011	001111111
chr22	27826664	001111011	001111111
chr22	32123399	001111011	001111111
chr22	33427752	001111011	001111111
chr22	37642739	001111011	001111111
chr22	40485852	001111011	001111111
chr22	44457825	001111011	001111111
chr22	21720452	111010111	111111111
chr22	17506950	000111111	001111111
chr22	17506958	000111111	001111111
chr22	17817644	000111111	001111111
chr22	18018248	000111111	001111111
chr22	18279231	000111111	001111111
chr22	21047627	000111111	001111111
chr22	21066930	000111111	001111111
chr22	21928438	000111111	001111111
chr22	22567177	000111111	001111111
chr22	24689316	000111111	001111111
chr22	31272010	000111111	001111111
chr22	32116469	000111111	001111111
chr22	36478068	000111111	001111111
chr22	40494010	000111111	001111111
chr22	40678348	000111111	001111111
chr22	41678833	000111111	001111111
chr22	44889095	000111111	001111111
chr22	51211402	000111111	001111111
chr22	34699901	000111110	001111111
chr22	33940403	001011011	001111111
chr22	39247892	001011011	001111111
chr22	41874736	001011011	001111111
chr22	44724383	001011011	001111111
chr22	25336700	001011011	001011011
chr22	25336704	001011011	001011011
chr22	17676908	001111001	001111111
chr22	49233160	010001001	010001001
chr22	16364490	111111110	111111111
chr22	18349379	111111110	111111111
chr22	18831620	111111110	111111111
chr22	20315929	111111110	111111111
chr22	20718029	111111110	111111111
chr22	23242285	111111110	111111111
chr22	23242288	111111110	111111111
chr22	23680589	111111110	111111111
chr22	25065795	111111110	111111111
chr22	44510539	111111110	111111111
chr22	45924477	111111110	111111111
chr22	49016539	111111110	111111111
chr22	51241348	111111110	111111111
chr22	17251988	111111110	111111110
chr22	50746656	111111110	111111110
chr22	50585962	111110110	111110110
chr22	16104288	111110111	111111111
chr22	16106836	111110111	111111111
chr22	16546581	111110111	111111111
chr22	16661856	111110111	111111111
chr22	16898726	111110111	111111111
chr22	17031725	111110111	111111111
chr22	18789625	111110111	111111111
chr22	18844942	111110111	111111111
chr22	20449100	111110111	111111111
chr22	22620818	111110111	111111111
chr22	22980270	111110111	111111111
chr22	24010477	111110111	111111111
chr22	30792914	111110111	111111111
chr22	35563729	111110111	111111111
chr22	50196281	111110111	111110111
chr22	18802400	011011000	011011000
chr22	18018241	001011111	001111111
chr22	18111404	001011111	001111111
chr22	27939418	001011111	001111111
chr22	29029644	001011111	001111111
chr22	31951743	001011111	001111111
chr22	32349038	001011111	001111111
chr22	35297654	001011111	001111111
chr22	41521610	001011111	001111111
chr22	46523980	001011111	001111111
chr22	17375559	001111101	001111111
chr22	18400744	001111101	001111111
chr22	22688299	001111101	001111111
chr22	23752705	001111101	001111111
chr22	33933280	001111101	001111111
chr22	36845592	001111101	001111111
chr22	40670183	001111101	001111111
chr22	41082256	001111101	001111111
chr22	41910993	001111101	001111111
chr22	44716239	001111101	001111111
chr22	46066813	001111101	001111111
chr22	47372065	001111101	001111111
chr22	47546383	001111101	001111111
chr22	48011557	001111101	001111111
chr22	16365289	111001111	111111111
chr22	45280557	111001111	111111111
chr22	41074116	001011110	001111111
chr22	47363599	001011110	001111111
chr22	51165979	001011110	001111111
chr22	42891236	001111100	001111111
chr22	20449216	110010101	110010101
chr22	24323878	110010101	110010101
chr22	21718120	100110111	111111111
chr22	21683529	000111000	000111000
chr22	30233048	000001111	001111111
chr22	46945419	000001111	001111111
chr22	16912810	000001111	000001111
chr22	17163871	000001111	000001111
chr22	18520520	000001111	000001111
chr22	18528816	000001111	000001111
chr22	19268528	000001111	000001111
chr22	19268563	000001111	000001111
chr22	19307670	000001111	000001111
chr22	19412011	000001111	000001111
chr22	19498036	000001111	000001111
chr22	19905482	000001111	000001111
chr22	20960693	000001111	000001111
chr22	21813104	000001111	000001111
chr22	22637970	000001111	000001111
chr22	23021108	000001111	000001111
chr22	23166026	000001111	000001111
chr22	23194352	000001111	000001111
chr22	23556277	000001111	000001111
chr22	23766803	000001111	000001111
chr22	23959395	000001111	000001111
chr22	24206451	000001111	000001111
chr22	24498652	000001111	000001111
chr22	24506744	000001111	000001111
chr22	24651685	000001111	000001111
chr22	25199805	000001111	000001111
chr22	25202956	000001111	000001111
chr22	25950026	000001111	000001111
chr22	26201552	000001111	000001111
chr22	26250039	000001111	000001111
chr22	26253191	000001111	000001111
chr22	26469108	000001111	000001111
chr22	26549828	000001111	000001111
chr22	27283790	000001111	000001111
chr22	27443721	000001111	000001111
chr22	27517369	000001111	000001111
chr22	27612510	000001111	000001111
chr22	27723998	000001111	000001111
chr22	27889961	000001111	000001111
chr22	27916623	000001111	000001111
chr22	28284094	000001111	000001111
chr22	28723901	000001111	000001111
chr22	29040876	000001111	000001111
chr22	29286011	000001111	000001111
chr22	29288937	000001111	000001111
chr22	29425992	000001111	000001111
chr22	29598694	000001111	000001111
chr22	29651958	000001111	000001111
chr22	29954198	000001111	000001111
chr22	30020899	000001111	000001111
chr22	30584027	000001111	000001111
chr22	30863357	000001111	000001111
chr22	31632821	000001111	000001111
chr22	31635551	000001111	000001111
chr22	31765133	000001111	000001111
chr22	31802066	000001111	000001111
chr22	32077577	000001111	000001111
chr22	32602433	000001111	000001111
chr22	32981344	000001111	000001111
chr22	32998530	000001111	000001111
chr22	33545708	000001111	000001111
chr22	33552983	000001111	000001111
chr22	33656231	000001111	000001111
chr22	33971704	000001111	000001111
chr22	34328378	000001111	000001111
chr22	34506843	000001111	000001111
chr22	34517901	000001111	000001111
chr22	34607362	000001111	000001111
chr22	34740553	000001111	000001111
chr22	35229776	000001111	000001111
chr22	35465867	000001111	000001111
chr22	35473069	000001111	000001111
chr22	37248330	000001111	000001111
chr22	37355949	000001111	000001111
chr22	37948092	000001111	000001111
chr22	38534459	000001111	000001111
chr22	39127908	000001111	000001111
chr22	39160384	000001111	000001111
chr22	39548285	000001111	000001111
chr22	40265154	000001111	000001111
chr22	40507465	000001111	000001111
chr22	40651769	000001111	000001111
chr22	40693186	000001111	000001111
chr22	41275159	000001111	000001111
chr22	41386498	000001111	000001111
chr22	41499369	000001111	000001111
chr22	42695605	000001111	000001111
chr22	42703796	000001111	000001111
chr22	43042980	000001111	000001111
chr22	43191471	000001111	000001111
chr22	43443389	000001111	000001111
chr22	43459869	000001111	000001111
chr22	44562190	000001111	000001111
chr22	44946132	000001111	000001111
chr22	45074306	000001111	000001111
chr22	45893597	000001111	000001111
chr22	46267630	000001111	000001111
chr22	46463936	000001111	000001111
chr22	46472431	000001111	000001111
chr22	46565000	000001111	000001111
chr22	46846973	000001111	000001111
chr22	46880175	000001111	000001111
chr22	46905738	000001111	000001111
chr22	47190671	000001111	000001111
chr22	47832069	000001111	000001111
chr22	47941343	000001111	000001111
chr22	48042104	000001111	000001111
chr22	48490962	000001111	000001111
chr22	48735813	000001111	000001111
chr22	49559365	000001111	000001111
chr22	50363890	000001111	000001111
chr22	50957117	000001111	000001111
chr22	50965427	000001111	000001111
chr22	25002815	101001011	101001011T
chr22	48875205	100110011	100110011
chr22	49793383	001011001	001011001
chr22	18520477	000001101	000001101
chr22	20008115	000001101	000001101
chr22	22494337	000001101	000001101
chr22	23744531	000001101	000001101
chr22	27446638	000001101	000001101
chr22	28759717	000001101	000001101
chr22	30967019	000001101	000001101
chr22	31594188	000001101	000001101
chr22	35731747	000001101	000001101
chr22	37315943	000001101	000001101
chr22	38235291	000001101	000001101
chr22	46047947	000001101	000001101
chr22	46326546	000001101	000001101
chr22	47333832	000001101	000001101
chr22	48989835	000001101	000001101
chr22	16984522	110111011	111111111
chr22	49951798	110111011	111111111
chr22	21470346	110111010	110111010
chr22	16306250	000001011	000001011
chr22	25580597	000001011	000001011
chr22	26272874	000001011	000001011
chr22	28756786	000001011	000001011
chr22	30253955	000001011	000001011
chr22	33502855	000001011	000001011
chr22	33864380	000001011	000001011
chr22	33967049	000001011	000001011
chr22	34794666	000001011	000001011
chr22	35448520	000001011	000001011
chr22	37134142	000001011	000001011
chr22	37509235	000001011	000001011
chr22	37657962	000001011	000001011
chr22	38526297	000001011	000001011
chr22	41378355	000001011	000001011
chr22	43184939	000001011	000001011
chr22	45029259	000001011	000001011
chr22	45984533	000001011	000001011
chr22	46855468	000001011	000001011
chr22	47686826	000001011	000001011
chr22	51110288	000001011	000001011
chr22	51121148	001011100	001011100
chr22	25022677	110010111	111111111
chr22	17024938	000001010	000001110
chr22	18244691	000001010	000001110
chr22	18897241	000001010	000001110
chr22	19868132	000001010	000001110
chr22	20002377	000001010	000001110
chr22	20715462	000001010	000001110
chr22	20963832	000001010	000001110
chr22	22357150	000001010	000001110
chr22	22589658	000001010	000001110
chr22	22944142	000001010	000001110
chr22	24374132	000001010	000001110
chr22	26546695	000001010	000001110
chr22	27887039	000001010	000001110
chr22	28091359	000001010	000001110
chr22	28287033	000001010	000001110
chr22	29423055	000001010	000001110
chr22	30750000	000001010	000001110
chr22	32012760	000001010	000001110
chr22	32019674	000001010	000001110
chr22	32024160	000001010	000001110
chr22	32277369	000001010	000001110
chr22	35509815	000001010	000001110
chr22	36334155	000001010	000001110
chr22	39322548	000001010	000001110
chr22	39430092	000001010	000001110
chr22	39438277	000001010	000001110
chr22	40257003	000001010	000001110
chr22	40597022	000001010	000001110
chr22	40637110	000001010	000001110
chr22	41162567	000001010	000001110
chr22	41411413	000001010	000001110
chr22	43155738	000001010	000001110
chr22	43262248	000001010	000001110
chr22	43309104	000001010	000001110
chr22	44498325	000001010	000001110
chr22	44598218	000001010	000001110
chr22	44724343	000001010	000001110
chr22	44948550	000001010	000001110
chr22	45238900	000001010	000001110
chr22	45293266	000001010	000001110
chr22	45993018	000001010	000001110
chr22	46039464	000001010	000001110
chr22	47325353	000001010	000001110
chr22	47504460	000001010	000001110
chr22	51118604	000001010	000001110
chr22	22342650	001011101	001111111
chr22	31269246	001011101	001111111
chr22	21038134	110010110	110010110
SUBPOPULATION MOVEMENTS
-----
chr22	16073382	000001110	000001111
chr22	16287534	000001110	000001111
chr22	16287548	000001110	000001111
chr22	17055800	000001110	000001111
chr22	17313456	000001110	000001111
chr22	17313478	000001110	000001111
chr22	17503890	000001110	000001111
chr22	17554878	000001110	000001111
chr22	18071255	000001110	000001111
chr22	18071268	000001110	000001111
chr22	18244670	000001110	000001111
chr22	18282614	000001110	000001111
chr22	18282632	000001110	000001111
chr22	18315690	000001110	000001111
chr22	18344963	000001110	000001111
chr22	18557043	000001110	000001111
chr22	18557086	000001110	000001111
chr22	18605927	000001110	000001111
chr22	18605970	000001110	000001111
chr22	18897283	000001110	000001111
chr22	19005923	000001110	000001111
chr22	19005959	000001110	000001111
chr22	19204784	000001110	000001111
chr22	19443947	000001110	000001111
chr22	19754732	000001110	000001111
chr22	19754881	000001110	000001111
chr22	19867984	000001110	000001111
chr22	20002477	000001110	000001111
chr22	20299083	000001110	000001111
chr22	20433923	000001110	000001111
chr22	20800938	000001110	000001111
chr22	21207530	000001110	000001111
chr22	21210691	000001110	000001111
chr22	21222599	000001110	000001111
chr22	21718250	000001110	000001111
chr22	21718261	000001110	000001111
chr22	22331316	000001110	000001111
chr22	22334500	000001110	000001111
chr22	22360334	000001110	000001111
chr22	22491150	000001110	000001111
chr22	22585844	000001110	000001111
chr22	22586501	000001110	000001111
chr22	22589001	000001110	000001111
chr22	22870215	000001110	000001111
chr22	22947277	000001110	000001111
chr22	23162938	000001110	000001111
chr22	23425469	000001110	000001111
chr22	23479252	000001110	000001111
chr22	23747643	000001110	000001111
chr22	23769914	000001110	000001111
chr22	24028073	000001110	000001111
chr22	24031157	000001110	000001111
chr22	24203347	000001110	000001111
chr22	24353009	000001110	000001111
chr22	24367323	000001110	000001111
chr22	24370441	000001110	000001111
chr22	24378635	000001110	000001111
chr22	24379059	000001110	000001111
chr22	24381753	000001110	000001111
chr22	24501768	000001110	000001111
chr22	24567576	000001110	000001111
chr22	25096716	000001110	000001111
chr22	25099883	000001110	000001111
chr22	25431885	000001110	000001111
chr22	25577446	000001110	000001111
chr22	25953179	000001110	000001111
chr22	26230585	000001110	000001111
chr22	26233747	000001110	000001111
chr22	26248255	000001110	000001111
chr22	26273384	000001110	000001111
chr22	26276528	000001110	000001111
chr22	26472244	000001110	000001111
chr22	26909232	000001110	000001111
chr22	26912176	000001110	000001111
chr22	26952393	000001110	000001111
chr22	27193934	000001110	000001111
chr22	27280872	000001110	000001111
chr22	27451439	000001110	000001111
chr22	27520288	000001110	000001111
chr22	27550216	000001110	000001111
chr22	27615435	000001110	000001111
chr22	27745283	000001110	000001111
chr22	27748193	000001110	000001111
chr22	27875565	000001110	000001111
chr22	27913692	000001110	000001111
chr22	28094303	000001110	000001111
chr22	28190178	000001110	000001111
chr22	28193116	000001110	000001111
chr22	28193118	000001110	000001111
chr22	28349202	000001110	000001111
chr22	28352141	000001110	000001111
chr22	28435332	000001110	000001111
chr22	28438270	000001110	000001111
chr22	28462507	000001110	000001111
chr22	28688567	000001110	000001111
chr22	28726829	000001110	000001111
chr22	28900922	000001110	000001111
chr22	29043437	000001110	000001111
chr22	29043807	000001110	000001111
chr22	29046368	000001110	000001111
chr22	29451272	000001110	000001111
chr22	29454209	000001110	000001111
chr22	29595755	000001110	000001111
chr22	29665275	000001110	000001111
chr22	29710747	000001110	000001111
chr22	29713762	000001110	000001111
chr22	29998866	000001110	000001111
chr22	30017907	000001110	000001111
chr22	30372709	000001110	000001111
chr22	30375594	000001110	000001111
chr22	30626719	000001110	000001111
chr22	30963350	000001110	000001111
chr22	30969799	000001110	000001111
chr22	31123181	000001110	000001111
chr22	31246715	000001110	000001111
chr22	31591457	000001110	000001111
chr22	31762420	000001110	000001111
chr22	32031088	000001110	000001111
chr22	32084508	000001110	000001111
chr22	32284300	000001110	000001111
chr22	32988280	000001110	000001111
chr22	32991591	000001110	000001111
chr22	33102611	000001110	000001111
chr22	33109607	000001110	000001111
chr22	33490027	000001110	000001111
chr22	33510132	000001110	000001111
chr22	33974168	000001110	000001111
chr22	33978823	000001110	000001111
chr22	34124875	000001110	000001111
chr22	34131996	000001110	000001111
chr22	34321226	000001110	000001111
chr22	34434484	000001110	000001111
chr22	34441637	000001110	000001111
chr22	34499678	000001110	000001111
chr22	34510736	000001110	000001111
chr22	34597580	000001110	000001111
chr22	34600207	000001110	000001111
chr22	34604737	000001110	000001111
chr22	34639515	000001110	000001111
chr22	34661017	000001110	000001111
chr22	34668162	000001110	000001111
chr22	34747704	000001110	000001111
chr22	35222557	000001110	000001111
chr22	35292547	000001110	000001111
chr22	35299762	000001110	000001111
chr22	35455728	000001110	000001111
chr22	35498000	000001110	000001111
chr22	35505205	000001110	000001111
chr22	35676156	000001110	000001111
chr22	35684353	000001110	000001111
chr22	36221613	000001110	000001111
chr22	36229804	000001110	000001111
chr22	36342346	000001110	000001111
chr22	37013680	000001110	000001111
chr22	37094342	000001110	000001111
chr22	37142323	000001110	000001111
chr22	37240119	000001110	000001111
chr22	37256498	000001110	000001111
chr22	37324119	000001110	000001111
chr22	37666130	000001110	000001111
chr22	37709588	000001110	000001111
chr22	37717744	000001110	000001111
chr22	37956255	000001110	000001111
chr22	38227114	000001110	000001111
chr22	38705516	000001110	000001111
chr22	39211000	000001110	000001111
chr22	39219179	000001110	000001111
chr22	39238558	000001110	000001111
chr22	39246737	000001110	000001111
chr22	39421452	000001110	000001111
chr22	39429636	000001110	000001111
chr22	39433439	000001110	000001111
chr22	39790823	000001110	000001111
chr22	39931989	000001110	000001111
chr22	39940148	000001110	000001111
chr22	40004875	000001110	000001111
chr22	40389092	000001110	000001111
chr22	40628957	000001110	000001111
chr22	40701351	000001110	000001111
chr22	41491231	000001110	000001111
chr22	42107287	000001110	000001111
chr22	42120013	000001110	000001111
chr22	42128148	000001110	000001111
chr22	42136242	000001110	000001111
chr22	42144375	000001110	000001111
chr22	42745827	000001110	000001111
chr22	42754018	000001110	000001111
chr22	43082648	000001110	000001111
chr22	43119638	000001110	000001111
chr22	43127836	000001110	000001111
chr22	43147540	000001110	000001111
chr22	43183273	000001110	000001111
chr22	43193137	000001110	000001111
chr22	43237351	000001110	000001111
chr22	43245542	000001110	000001111
chr22	43451568	000001110	000001111
chr22	43523393	000001110	000001111
chr22	43678956	000001110	000001111
chr22	43687125	000001110	000001111
chr22	43749953	000001110	000001111
chr22	43950432	000001110	000001111
chr22	43958596	000001110	000001111
chr22	44236547	000001110	000001111
chr22	44259481	000001110	000001111
chr22	44309026	000001110	000001111
chr22	44570359	000001110	000001111
chr22	44803611	000001110	000001111
chr22	44890998	000001110	000001111
chr22	44940404	000001110	000001111
chr22	44954275	000001110	000001111
chr22	45226680	000001110	000001111
chr22	45283767	000001110	000001111
chr22	45419334	000001110	000001111
chr22	45427466	000001110	000001111
chr22	45485919	000001110	000001111
chr22	45614501	000001110	000001111
chr22	45622630	000001110	000001111
chr22	46021172	000001110	000001111
chr22	46048126	000001110	000001111
chr22	46056608	000001110	000001111
chr22	46302658	000001110	000001111
chr22	46311146	000001110	000001111
chr22	46401563	000001110	000001111
chr22	46573494	000001110	000001111
chr22	46706249	000001110	000001111
chr22	46801608	000001110	000001111
chr22	46861747	000001110	000001111
chr22	46871675	000001110	000001111
chr22	46897237	000001110	000001111
chr22	46928468	000001110	000001111
chr22	46953915	000001110	000001111
chr22	47678361	000001110	000001111
chr22	47703460	000001110	000001111
chr22	47706802	000001110	000001111
chr22	47711923	000001110	000001111
chr22	47715265	000001110	000001111
chr22	47840513	000001110	000001111
chr22	48259556	000001110	000001111
chr22	48268052	000001110	000001111
chr22	48270997	000001110	000001111
chr22	48294430	000001110	000001111
chr22	48576749	000001110	000001111
chr22	48922255	000001110	000001111
chr22	49015319	000001110	000001111
chr22	49146297	000001110	000001111
chr22	49220736	000001110	000001111
chr22	49463535	000001110	000001111
chr22	49471821	000001110	000001111
chr22	49607721	000001110	000001111
chr22	50163986	000001110	000001111
chr22	50165241	000001110	000001111
chr22	50172244	000001110	000001111
chr22	50173499	000001110	000001111
chr22	50239975	000001110	000001111
chr22	50432741	000001110	000001111
chr22	50449384	000001110	000001111
chr22	50519060	000001110	000001111
chr22	50591446	000001110	000001111
chr22	50599725	000001110	000001111
chr22	50792752	000001110	000001111
chr22	50801047	000001110	000001111
chr22	23944151	000001110	000001110
chr22	25428727	000001110	000001110
chr22	26204717	000001110	000001110
chr22	26242535	000001110	000001110
chr22	28225909	000001110	000001110
chr22	29107308	000001110	000001110
chr22	33952109	000001110	000001110
chr22	37625420	000001110	000001110
chr22	40608103	000001110	000001110
chr22	45066170	000001110	000001110
chr22	46936967	000001110	000001110
chr22	49767408	000001110	000001110
chr22	50510786	000001110	000001110
-----
chr22	16371102	000000110	000000111
chr22	16912786	000000110	000000111
chr22	17055772	000000110	000000111
chr22	17554870	000000110	000000111
chr22	17587161	000000110	000000111
chr22	17662290	000000110	000000111
chr22	18071598	000000110	000000111
chr22	18125614	000000110	000000111
chr22	19307631	000000110	000000111
chr22	19405498	000000110	000000111
chr22	19527410	000000110	000000111
chr22	19701230	000000110	000000111
chr22	20825880	000000110	000000111
chr22	20903336	000000110	000000111
chr22	21275681	000000110	000000111
chr22	21926225	000000110	000000111
chr22	22219037	000000110	000000111
chr22	22523530	000000110	000000111
chr22	22730185	000000110	000000111
chr22	23174713	000000110	000000111
chr22	23371174	000000110	000000111
chr22	23420213	000000110	000000111
chr22	23453483	000000110	000000111
chr22	23601190	000000110	000000111
chr22	24014847	000000110	000000111
chr22	24105254	000000110	000000111
chr22	24385360	000000110	000000111
chr22	24564458	000000110	000000111
chr22	24601347	000000110	000000111
chr22	25083294	000000110	000000111
chr22	25339388	000000110	000000111
chr22	26002513	000000110	000000111
chr22	26054489	000000110	000000111
chr22	26155421	000000110	000000111
chr22	26245693	000000110	000000111
chr22	26276018	000000110	000000111
chr22	26705909	000000110	000000111
chr22	26767258	000000110	000000111
chr22	26872147	000000110	000000111
chr22	26955341	000000110	000000111
chr22	26990069	000000110	000000111
chr22	27097003	000000110	000000111
chr22	27196863	000000110	000000111
chr22	27664229	000000110	000000111
chr22	27854475	000000110	000000111
chr22	27956462	000000110	000000111
chr22	27993954	000000110	000000111
chr22	28228846	000000110	000000111
chr22	28412129	000000110	000000111
chr22	28500371	000000110	000000111
chr22	28603814	000000110	000000111
chr22	29957194	000000110	000000111
chr22	30188333	000000110	000000111
chr22	30235958	000000110	000000111
chr22	30457128	000000110	000000111
chr22	30625449	000000110	000000111
chr22	30629581	000000110	000000111
chr22	30966130	000000110	000000111
chr22	31168377	000000110	000000111
chr22	32383054	000000110	000000111
chr22	32389986	000000110	000000111
chr22	32595507	000000110	000000111
chr22	32756854	000000110	000000111
chr22	33871506	000000110	000000111
chr22	33910675	000000110	000000111
chr22	33944983	000000110	000000111
chr22	34200841	000000110	000000111
chr22	34256049	000000110	000000111
chr22	34520431	000000110	000000111
chr22	34661980	000000110	000000111
chr22	34756015	000000110	000000111
chr22	34829087	000000110	000000111
chr22	35172507	000000110	000000111
chr22	35484609	000000110	000000111
chr22	35739951	000000110	000000111
chr22	36327349	000000110	000000111
chr22	37207360	000000110	000000111
chr22	37215582	000000110	000000111
chr22	37329160	000000110	000000111
chr22	37386655	000000110	000000111
chr22	37517389	000000110	000000111
chr22	37942934	000000110	000000111
chr22	38092618	000000110	000000111
chr22	38160980	000000110	000000111
chr22	38949434	000000110	000000111
chr22	38952247	000000110	000000111
chr22	38977376	000000110	000000111
chr22	39217307	000000110	000000111
chr22	39330725	000000110	000000111
chr22	39878981	000000110	000000111
chr22	40145082	000000110	000000111
chr22	40692749	000000110	000000111
chr22	41154420	000000110	000000111
chr22	41283305	000000110	000000111
chr22	41614400	000000110	000000111
chr22	42099151	000000110	000000111
chr22	42374103	000000110	000000111
chr22	42382526	000000110	000000111
chr22	43034786	000000110	000000111
chr22	43078318	000000110	000000111
chr22	43090834	000000110	000000111
chr22	43302981	000000110	000000111
chr22	43799596	000000110	000000111
chr22	44821862	000000110	000000111
chr22	44854334	000000110	000000111
chr22	45230771	000000110	000000111
chr22	45301044	000000110	000000111
chr22	46862562	000000110	000000111
chr22	46870246	000000110	000000111
chr22	46937149	000000110	000000111
chr22	46939712	000000110	000000111
chr22	46988794	000000110	000000111
chr22	47011178	000000110	000000111
chr22	47019676	000000110	000000111
chr22	47125682	000000110	000000111
chr22	47141444	000000110	000000111
chr22	47199576	000000110	000000111
chr22	47356076	000000110	000000111
chr22	47495991	000000110	000000111
chr22	47701891	000000110	000000111
chr22	47958828	000000110	000000111
chr22	48727309	000000110	000000111
chr22	48828746	000000110	000000111
chr22	49154606	000000110	000000111
chr22	49775676	000000110	000000111
chr22	49952856	000000110	000000111
chr22	49989743	000000110	000000111
chr22	50133102	000000110	000000111
chr22	50248239	000000110	000000111
chr22	50257596	000000110	000000111
chr22	50261538	000000110	000000111
chr22	50672115	000000110	000000111
chr22	50904428	000000110	000000111
chr22	16084322	000000110	000000110
chr22	26517658	000000110	000000110
chr22	27991081	000000110	000000110
chr22	29539799	000000110	000000110
chr22	30826994	000000110	000000110
chr22	32300239	000000110	000000110
chr22	36520243	000000110	000000110
chr22	40304984	000000110	000000110
chr22	45732567	000000110	000000110
chr22	45744820	000000110	000000110
chr22	50738925	000000110	000000110
