-----
Chromosome	Location	Original Code	New Code
-----
chr2	133027499	011100	011100
chr17	21833655	011101	111111
chr5	4724606	011101	011101
chr5	26323212	011101	011101
chr5	33627471	011101	011101
chr5	137413866	011101	011101
chr6	101497573	011101	011101
chr11	75138031	011101	011101
chr21	34748541	011101	011101
chr21	45649595	011101	011101
chr2	89242973	000011	000011
chr7	142131923	000011	000011
chr1	755504	011001	111111
chr2	30340971	011001	011001
chr13	20125599	011001	011001
chr13	107808414	011001	011001
chr14	91792717	011001	011001
chr16	32137283	011001	011001
chr1	3098424	011000	011000
chr4	448154	011000	011000
chr5	38715548	011000	011000
chr6	116241938	011000	011000
chr9	33798112	011000	011000
chr9	137988036	011000	011000
chr13	48216300	011000	011000
chr13	107808418	011000	011000
chr16	33949460	011000	011000
chr19	29619830	011000	011000
chr19	55246643	011000	011000
chrX	5468488	011000	011000
chr7	61822012	000110	000110
chr7	137881319	000110	000110
chr17	78289778	000110	000110
chrX	69217546	000110	000110
chr2	132447908	000111	111111
chr5	17516124	000111	111111
chr15	74344997	000111	111111
chr7	142131922	000111	000111
chr2	133038334	001011	001011
chr1	18699126	010101	010101
chr7	151230704	010101	010101
chr9	89680155	010101	010101
chr2	133012867	010100	010100
chr4	190831103	010100	010100
chr8	46897830	010100	010100
chr22	47579808	010100	010100
chr22	47579851	010100	010100
chr6	30996985	010001	010001
chr8	70979766	010001	010001
chr19	27778355	010001	010001
chr17	21249823	011010	011010
chr1	53899888	000101	001101
chr1	109465785	000101	001101
chr3	1910733	000101	001101
chr4	132329664	000101	001101
chr6	153780142	000101	001101
chr9	33799263	000101	001101
chr10	38871231	000101	001101
chr11	45482717	000101	001101
chr13	23023747	000101	001101
chr16	12417041	000101	001101
chr16	12417042	000101	001101
chr16	85854587	000101	001101
chr17	45574052	000101	001101
chr18	13084608	000101	001101
chr18	59600793	000101	001101
chr22	18878579	000101	001101
chr9	135426830	000101	000101
chrX	154391268	000101	000101
chr1	11442258	001001	001101
chr1	32383850	001001	001101
chr1	76531287	001001	001101
chr1	104803291	001001	001101
chr1	234383132	001001	001101
chr2	166812001	001001	001101
chr6	106678532	001001	001101
chr10	1910034	001001	001101
chr16	29167068	001001	001101
chr16	85849249	001001	001101
chr17	5058317	001001	001101
chr17	36573606	001001	001101
chr21	9438504	001001	001101
chr1	50106710	001001	001001
chr1	114080160	001001	001001
chr2	48062289	001001	001001
chr2	81262499	001001	001001
chr2	196859235	001001	001001
chr3	124750	001001	001001
chr3	49447843	001001	001001
chr4	104269936	001001	001001
chr4	161132285	001001	001001
chr6	50186492	001001	001001
chr6	85187945	001001	001001
chr7	67920084	001001	001001
chr7	108704232	001001	001001
chr7	145029615	001001	001001
chr8	5195359	001001	001001
chr8	5257431	001001	001001
chr8	5670963	001001	001001
chr8	50051532	001001	001001
chr8	77907444	001001	001001
chr8	89025718	001001	001001
chr8	138307197	001001	001001
chr8	139687918	001001	001001
chr9	12455733	001001	001001
chr9	22404363	001001	001001
chr10	55908634	001001	001001
chr13	104166184	001001	001001
chr14	64204137	001001	001001
chr14	86250386	001001	001001
chr14	86308830	001001	001001
chr14	93466475	001001	001001
chr14	107266914	001001	001001
chr15	98961401	001001	001001
chr18	65853726	001001	001001
chr20	59083003	001001	001001
chrX	44104583	001001	001001
chrX	79890583	001001	001001
chrX	128079933	001001	001001
chr3	110941406	001110	001110
chrX	90987731	001110	001110
chrX	90987780	001110	001110
chr15	74344980	001111	111111
chr4	8411393	010111	111111
chr10	29795706	010111	111111
chr10	29795707	010111	111111
chr19	513747	010111	111111
chr9	138568013	010111	010111
chr9	138568017	010111	010111
chr4	3549788	001010	001010
chr4	48521995	001010	001010
chrX	100687924	001010	001010
chr7	142468205	010110	111111
chr7	40186706	010110	010110
chr9	136106688	010110	010110
chr15	57705387	010110	010110
chr2	90449833	010010	010010
chr7	40186728	010010	010010
chr7	142109352	010010	010010
chr7	142109359	010010	010010
chr7	142468174	010010	010010
chr21	35318834	010010	010010
chrX	128216146	010010	010010
chrX	128216148	010010	010010
chrY	9943831	010010	010010
chr1	112930493	010011	010011
chr2	156737131	010011	010011
chr2	156737137	010011	010011
chr11	8977040	010011	010011
chr11	8977045	010011	010011
chrX	64395965	010011	010011
chr1	242083886	011111	111111
chr5	151860511	011111	111111
chr7	63239571	011111	111111
chr7	142476551	011111	111111
chr7	157541151	011111	111111
