-----
Chromosome	Location	Original Code	New Code
-----
chr1	248100350	0011	1111
chr6	170257617	0011	1111
chr7	142471296	0011	1111
chr7	142471301	0011	1111
chr9	105365659	0011	1111
chr12	37965473	0011	1111
chr22	23748530	0011	1111
chrX	16183195	0011	1111
chr1	45311389	0011	0011
chr1	72759869	0011	0011
chr4	33846006	0011	0011
chr4	33846011	0011	0011
chr4	190815673	0011	0011
chr4	190815682	0011	0011
chr5	805133	0011	0011
chr5	805142	0011	0011
chr5	18204331	0011	0011
chr7	100708622	0011	0011
chr7	100708623	0011	0011
chr7	158950256	0011	0011
chr7	158950259	0011	0011
chr7	158950309	0011	0011
chr7	158950319	0011	0011
chr12	37965474	0011	0011
chr12	37965511	0011	0011
chr15	46171559	0011	0011
chr19	51157874	0011	0011
chr20	26107145	0011	0011
chrX	46680962	0011	0011
chr1	28515547	0111	1111
chr2	23118456	0111	1111
chr2	23118458	0111	1111
chr4	55416382	0111	1111
chr4	55416383	0111	1111
chr5	1624018	0111	1111
chr6	69371237	0111	1111
chr7	133655241	0111	1111
chr9	65878968	0111	1111
chr9	91986863	0111	1111
chr9	140783896	0111	1111
chr11	50256476	0111	1111
chr11	69846604	0111	1111
chr15	24570482	0111	1111
chr16	33938370	0111	1111
chr17	39754548	0111	1111
chr20	1795684	0111	1111
chr20	29517033	0111	1111
chr20	29517034	0111	1111
chr20	29517062	0111	1111
chr20	29517064	0111	1111
chr22	43101466	0111	1111
chr2	106938341	0111	0111
chr2	144300046	0111	0111
chr4	3913532	0111	0111
chr5	171911894	0111	0111
chr6	72208179	0111	0111
chr7	6858294	0111	0111
chr7	57711455	0111	0111
chr7	57919132	0111	0111
chr7	61820732	0111	0111
chr7	61822012	0111	0111
chr7	61822022	0111	0111
chr7	141894332	0111	0111
chr9	33797608	0111	0111
chr12	3163907	0111	0111
chr18	70717	0111	0111
chr18	70722	0111	0111
chr18	57141072	0111	0111
chr20	1795656	0111	0111
chr20	25857306	0111	0111
chr20	25857309	0111	0111
chr22	44630286	0111	0111
chrX	33027388	0111	0111
chrX	33027403	0111	0111
chrX	46680936	0111	0111
chr3	75756671	0101	1111
chr7	65265587	0101	1111
chr7	101627784	0101	1111
chr11	49238141	0101	1111
chr14	62698605	0101	1111
chrX	34581635	0101	1111
chr3	140967556	0101	0101
chr4	170993432	0101	0101
chr7	151277369	0101	0101
chr10	45590795	0101	0101
chr17	25320600	0101	0101
chr19	53317466	0101	0101
chrX	37389235	0101	0101
chr1	4196338	0110	1111
chr3	86588562	0110	1111
chr5	2099394	0110	1111
chr5	162391358	0110	1111
chr6	150585259	0110	1111
chr7	65875353	0110	1111
chr7	153437411	0110	1111
chr9	138011065	0110	1111
chr11	473627	0110	1111
chrX	2864441	0110	1111
chrX	154391268	0110	1111
chr2	10274266	0110	0110
chr2	10274282	0110	0110
chr2	68239874	0110	0110
chr2	162691752	0110	0110
chr2	239666465	0110	0110
chr3	13977272	0110	0110
chr3	86588578	0110	0110
chr4	70317919	0110	0110
chr11	49717257	0110	0110
chr11	51530159	0110	0110
chr17	56940998	0110	0110
chr19	23105289	0110	0110
chr19	23105290	0110	0110
chr19	53124920	0110	0110
chr19	53124928	0110	0110
chr19	53124949	0110	0110
