-----
Chromosome	Location	Original Code	New Code
-----
chr12	120875228	011011	011011
chr12	95644095	011101	111111
chr1	159187900	011101	011101
chr9	8936427	011101	011101
chr10	102159537	011001	111111
chr13	26099061	011001	111111
chr4	123765765	011000	011000
chr14	69099673	011000	011000
chr18	1921854	011000	011000
chr4	186904681	000101	000101
chr12	68660160	000101	000101
chr17	47342484	000101	000101
chr17	75342360	000101	000101
chr3	169190463	000110	000110
chrX	116048500	000110	000110
chr2	5151306	001001	001001
chr4	190831103	001001	001001
chr4	190831113	001001	001001
chr5	93523140	001001	001001
chr12	17683358	001001	001001
chr7	126286360	001011	001011
chr15	20547767	001011	001011
chr4	184154291	001110	111111
chr13	47917750	001110	001110
chr13	47917754	001110	001110
chr7	63274158	010111	111111
chr20	53436396	010111	010111
chr2	123340841	001010	001010
chr4	88427964	001010	001010
chr5	163896043	001010	001010
chr12	120875230	001010	001010
chrX	76044377	001010	001010
chr1	82798584	010001	010001
chr3	148859318	010001	010001
chr4	88549726	010010	010010
chr9	99989991	010010	010010
chr11	88570001	010010	010010
chr18	2958139	010011	111111
chr1	149128882	001100	001100
chr10	37434091	001100	001100
chrX	116559177	001100	001100
chr7	5001511	011111	111111
chr10	47029891	011111	111111
chr15	22365362	011111	111111
chr1	4104011	011111	011111
chr3	4944554	011111	011111
chr17	35201381	011111	011111
