-----
Chromosome	Location	Original Code	New Code
-----
chr3	49865562	01101	11111
chr3	49865571	01101	11111
chr4	3600709	01101	11111
chr8	19255671	01101	11111
chr3	75790704	01101	01101
chr3	75790717	01101	01101
chr3	138481992	01101	01101
chr7	35964490	01101	01101
chr7	152092526	01101	01101
chr11	50754259	01101	01101
chr16	5319234	01101	01101
chr22	39979071	01101	01101
chr7	142117015	00111	11111
chr11	35455369	00111	11111
chrY	13295329	00111	11111
chr2	117834352	01001	11111
chr18	72181995	01001	11111
chr3	108983486	01001	01001
chr14	106531754	01001	01001
chr1	110079938	00101	00101
chr2	130739699	00101	00101
chr5	178939336	00101	00101
chr5	178939341	00101	00101
chr5	178939376	00101	00101
chr7	35964488	00101	00101
chr17	66260239	00101	00101
chr17	66260254	00101	00101
chr19	15892446	00101	00101
chr19	15892451	00101	00101
chr3	75820667	00110	11111
chr2	102608788	00110	00110
chr7	1559095	00110	00110
chr6	54175510	01011	11111
chr9	102942515	01011	11111
chr5	86831428	01011	01011
chr15	20053110	01011	01011
chr17	38188115	01011	01011
chr18	52447189	01011	01011
chr1	149081071	01100	11111
chr2	92148867	01100	11111
chr7	142457707	01100	11111
chr17	60174302	01100	11111
chr22	38927343	01100	11111
chr22	38927351	01100	11111
chr2	1562431	01100	01100
chr6	32728444	01100	01100
chr8	67671920	01100	01100
chr11	51352716	01100	01100
chr17	30268600	01100	01100
chr17	30268638	01100	01100
chr19	56061295	01100	01100
chr19	56061296	01100	01100
chr22	45678010	01100	01100
chr15	28988292	01010	11111
chr20	32932101	01010	11111
chr1	149095298	01010	01010
chr7	26838716	01010	01010
chr1	149081061	01110	11111
chr1	150930714	01110	11111
chr14	106928814	01110	11111
chr14	106928821	01110	11111
chr14	106928826	01110	11111
chr16	29316054	01110	11111
chr16	29316068	01110	11111
chr1	210742462	01110	01110
chr1	210742469	01110	01110
chr2	102608774	01110	01110
chr16	33905494	01110	01110
chr20	60352857	01110	01110
chr2	226377531	01111	11111
chr3	75814741	01111	11111
chr6	32518006	01111	11111
chr10	110284	01111	11111
chr10	133885354	01111	11111
chr12	122222227	01111	11111
chr20	25845053	01111	11111
chr3	194028977	01111	01111
chr5	96514129	01111	01111
chr14	106531741	01111	01111
chrX	3888691	01111	01111
