-----
Chromosome	Location	Original Code	New Code
-----
chr21	33807707	011100	011101
chr2	169452535	011100	011101
chr6	70215368	011100	011101
chr7	135449909	011100	011101
chr2	169452506	011100	011110
chr7	61804669	011101	011111
chr15	24345300	011101	011101
chr10	128444134	011001	011101
chr12	11161163	011001	011101
chr9	132204587	011001	011101
chrX	92715456	011001	011011
chr9	99991351	011000	011001
chrX	92715462	011000	011001
chr7	142460671	011000	011001
chr14	58259532	011000	011001
chrX	92715473	011000	011001
chrX	58444398	011000	011001
chr3	107893336	011000	011001
chr16	88149556	011000	011001
chr7	142460710	011000	011000
chr4	160638741	000110	000111
chr4	190939927	000110	000111
chr10	127584744	000110	000111
chr19	29252387	000110	000111
chr17	47813110	000110	000110
chr2	92162969	001011	011011
chr14	71328841	001011	011011
chr7	138687880	001011	011011
chr5	162391272	001011	011011
chr7	142471107	001011	011011
chr4	136497858	001011	011011
chr7	155466187	001011	001011
chr10	133885357	001011	001011
chr2	553740	001011	001011
chr2	553738	001011	001011
chr11	54888939	001011	001111
chr11	54888938	001011	001111
chr7	155466187	001011	001011
chr10	133885357	001011	001011
chr2	553740	001011	001011
chr2	553738	001011	001011
chr7	64853663	010101	010111
chr21	9834467	010101	010101
chr8	52591029	010100	010101
chr10	135091239	010100	010101
chr5	88481337	010100	010100
chr19	44315899	010100	010110
chr5	88481337	010100	010100
chr10	134884834	010001	011001
chr13	38477529	010001	011001
chr13	38477529	010001	010001
chr7	152092313	001100	001101
chr19	22169093	001100	001101
chr17	15734107	001100	001101
chr19	4778400	001100	001101
chr12	132602219	001100	001100
chr7	37338931	001100	011100
chr6	79723803	001100	011100
chr12	132602219	001100	001100
chr21	15166126	001101	001111
chr16	29172245	001101	001111
chr16	29172243	001101	001111
chr7	142118216	001101	001111
chr3	75790717	011011	011111
chr3	75790730	011011	011111
chrX	44864781	011011	011111
chr2	132508883	011011	011111
chr7	115230600	011011	011011
chrX	44864744	011011	011011
chr10	37434091	011011	011011
chr4	74351306	011010	011110
chr17	30271569	011010	011110
chr2	132508882	011010	011110
chr7	3337204	011010	011010
chrX	79364531	000101	000111
chr16	60599551	000101	000111
chr5	162391358	000101	000111
chr5	162391359	000101	000111
chr3	116321471	000101	000111
chr3	116321471	000101	000101
chr3	73122981	001001	011001
chr14	71328853	001001	011001
chr10	133641668	001001	011001
chr12	38351338	001001	011001
chr20	234412	001001	011001
chr4	47021952	001001	001011
chr8	75224162	001110	011110
chr2	127538960	001110	001110
chr3	27813248	001111	011111
chr2	240199712	001111	011111
chr11	349987	001111	011111
chrX	74758195	001111	001111
chr3	70023988	001111	001111
chr3	154631751	010111	011111
chr4	74351307	001010	001110
chr2	127538971	001010	001110
chr7	87898359	001010	001110
chr19	55377400	001010	001110
chr2	43527406	001010	001110
chr7	87898357	001010	001110
chr6	161279330	001010	001110
chr9	33799319	001010	001110
chr16	33961132	001010	001010
chr12	131488979	001010	001010
chr20	25609948	001010	001010
chr9	76269108	001010	001010
chr6	21538423	001010	011010
chr7	139495482	001010	011010
chr9	93051884	001010	011010
chr16	33961132	001010	001010
chr12	131488979	001010	001010
chr20	25609948	001010	001010
chr9	76269108	001010	001010
chrX	128065446	010110	010111
chr18	34931610	010110	010111
chr7	142460778	010110	010110
chr16	33522338	010110	010110
chr4	173628535	010010	010011
chr4	162534307	010010	010011
chr3	49865571	010010	010011
chr3	49865562	010010	010011
chr20	26115993	010010	010110
chr9	136625923	010011	010111
chr4	89269667	010011	010011
chr4	89269672	010011	010011
chr7	142460669	011110	011111
chr7	57879458	011110	011111
chr1	237952817	011110	011110
chr1	5726644	011110	011110
chr7	57624180	011110	011110
